4 0.50390625 0.56328125 0.08046875 0.175
0 0.4609375 0.36328125 0.01953125 0.02734375
0 0.5109375 0.35703125 0.0125 0.02890625
2 0.48515625 0.35859375 0.0109375 0.021875
6 0.371875 0.5921875 0.1703125 0.2515625
6 0.14375 0.8140625 0.28046875 0.365625
6 0.64296875 0.84765625 0.7140625 0.2640625
6 0.671875 0.58125 0.24375 0.20703125
6 0.85859375 0.64296875 0.12578125 0.14296875
6 0.51171875 0.67734375 0.0921875 0.07421875
6 0.521875 0.4234375 0.1734375 0.07421875
6 0.634375 0.4375 0.03203125 0.04375
6 0.40859375 0.44609375 0.05546875 0.046875
6 0.45078125 0.3265625 0.0421875 0.0125
6 0.45 0.33203125 0.071875 0.01484375
6 0.43984375 0.36328125 0.0171875 0.03203125