4 0.503125 0.58984375 0.09765625 0.21484375
0 0.51328125 0.38125 0.01171875 0.02265625
0 0.53828125 0.38203125 0.0078125 0.0203125
6 0.53984375 0.4234375 0.1203125 0.04375
6 0.5546875 0.44765625 0.25703125 0.0109375
6 0.49453125 0.3703125 0.009375 0.01484375
6 0.67421875 0.55 0.23046875 0.153125
6 0.39375 0.58671875 0.12734375 0.16796875
6 0.334375 0.834375 0.26015625 0.33046875
6 0.73125 0.85546875 0.528125 0.2890625
6 0.77734375 0.6546875 0.44140625 0.10625
6 0.88515625 0.54453125 0.15859375 0.11640625
6 0.5625 0.45390625 0.2828125 0.0328125