4 0.4921875 0.56015625 0.09453125 0.1921875
0 0.55390625 0.35859375 0.0109375 0.0140625
0 0.584375 0.36015625 0.01015625 0.0203125
6 0.58203125 0.4109375 0.11640625 0.071875
6 0.65625 0.7203125 0.2234375 0.559375
6 0.828125 0.7296875 0.11015625 0.53046875
6 0.94140625 0.7515625 0.1046875 0.4609375
6 0.32578125 0.82421875 0.4515625 0.3515625
6 0.33828125 0.58671875 0.209375 0.12265625
6 0.3890625 0.490625 0.1046875 0.06171875
6 0.50546875 0.41015625 0.0421875 0.07421875
6 0.45234375 0.43046875 0.065625 0.02890625