4 0.49765625 0.57734375 0.090625 0.159375
0 0.54375 0.4265625 0.03203125 0.03828125
0 0.74453125 0.434375 0.04296875 0.04140625
1 0.61015625 0.41796875 0.0265625 0.025
6 0.51171875 0.4640625 0.02578125 0.05546875
6 0.5265625 0.75546875 0.946875 0.11640625
6 0.7734375 0.58359375 0.45 0.24921875
6 0.67265625 0.4375 0.09140625 0.0515625
6 0.58046875 0.434375 0.03125 0.03828125
6 0.61015625 0.44765625 0.02578125 0.0234375
6 0.3515625 0.6359375 0.1953125 0.1
6 0.50078125 0.68125 0.096875 0.03828125
6 0.415625 0.54296875 0.0671875 0.08125
6 0.3515625 0.565625 0.05546875 0.04140625
6 0.4703125 0.47890625 0.05390625 0.03203125
6 0.540625 0.46796875 0.01875 0.03125
6 0.2328125 0.665625 0.06015625 0.07578125
6 0.246875 0.6078125 0.02421875 0.01328125
6 0.578125 0.40703125 0.0203125 0.01953125