2 0.46875 0.546875 0.04609375 0.0875
2 0.79453125 0.5515625 0.04765625 0.08984375
3 0.63671875 0.54140625 0.08359375 0.16953125
1 0.55625 0.48203125 0.02890625 0.0265625
4 0.50546875 0.67421875 0.07578125 0.1859375
6 0.58203125 0.86484375 0.828125 0.2515625
6 0.778125 0.68203125 0.4296875 0.1359375
6 0.409375 0.67421875 0.115625 0.0890625
6 0.56796875 0.4109375 0.05703125 0.02421875
6 0.51875 0.44140625 0.053125 0.021875
6 0.49453125 0.475 0.07578125 0.040625
6 0.4875 0.440625 0.01015625 0.009375
6 0.53984375 0.53125 0.0921875 0.05546875
6 0.71875 0.56171875 0.0640625 0.08515625
6 0.41875 0.603125 0.04453125 0.0375