4 0.5 0.56015625 0.11171875 0.12890625
0 0.39375 0.42421875 0.03046875 0.03828125
3 0.459375 0.42578125 0.03671875 0.03203125
0 0.5125 0.41640625 0.02890625 0.03515625
6 0.48203125 0.46484375 0.20390625 0.0453125
6 0.359375 0.40703125 0.03984375 0.0203125
6 0.5390625 0.7359375 0.91796875 0.21171875
6 0.6546875 0.56171875 0.19140625 0.14375
6 0.81796875 0.59375 0.125 0.084375
6 0.6125 0.4671875 0.04609375 0.04140625
6 0.353125 0.56796875 0.17890625 0.1109375
6 0.3953125 0.50078125 0.0953125 0.05546875
6 0.22578125 0.603125 0.08359375 0.0546875
6 0.42421875 0.42421875 0.028125 0.02890625