4 0.50234375 0.678125 0.07421875 0.184375
4 0.371875 0.51953125 0.053125 0.09296875
6 0.23046875 0.8140625 0.4578125 0.371875
6 0.5921875 0.890625 0.259375 0.21875
6 0.5765625 0.70859375 0.0703125 0.153125
6 0.6390625 0.740625 0.0484375 0.08359375
6 0.296875 0.5890625 0.33125 0.0765625
6 0.46484375 0.51328125 0.13046875 0.05390625
6 0.521875 0.55859375 0.10625 0.02578125
6 0.43984375 0.40390625 0.0640625 0.06015625
6 0.45625 0.459375 0.08203125 0.04140625
6 0.384375 0.4109375 0.04453125 0.04140625
6 0.29921875 0.5078125 0.08984375 0.06484375
6 0.34453125 0.43671875 0.0359375 0.0453125
6 0.3125 0.45546875 0.02578125 0.040625
6 0.23359375 0.5203125 0.03984375 0.0453125