2 0.5546875 0.53515625 0.0421875 0.096875
1 0.93515625 0.48046875 0.02890625 0.06328125
4 0.50234375 0.653125 0.08515625 0.1875
6 0.29453125 0.8078125 0.3375 0.2375
6 0.06796875 0.88046875 0.121875 0.21640625
6 0.35859375 0.64921875 0.18046875 0.04453125
6 0.43359375 0.5953125 0.0609375 0.02421875
6 0.734375 0.88984375 0.52109375 0.21875
6 0.7765625 0.6859375 0.44609375 0.20546875
6 0.7484375 0.53828125 0.33359375 0.11484375
6 0.96171875 0.55 0.0765625 0.0625
6 0.97734375 0.48046875 0.0453125 0.059375