3 0.39609375 0.54296875 0.07421875 0.059375
1 0.434375 0.4640625 0.01640625 0.0453125
4 0.5 0.66015625 0.07578125 0.2015625
6 0.4984375 0.8921875 0.55234375 0.21484375
6 0.315625 0.6640625 0.28203125 0.22578125
6 0.60859375 0.67578125 0.13203125 0.19609375
6 0.44296875 0.42578125 0.040625 0.0390625
6 0.325 0.50234375 0.0703125 0.021875
6 0.3703125 0.48359375 0.03671875 0.021875
6 0.4484375 0.49296875 0.10234375 0.0296875
6 0.46484375 0.4578125 0.03671875 0.02265625
6 0.40390625 0.44921875 0.02734375 0.04453125
6 0.11171875 0.81328125 0.20703125 0.3734375