4 0.5 0.646875 0.1234375 0.19609375
3 0.496875 0.49765625 0.0625 0.10859375
6 0.203125 0.453125 0.06484375 0.06171875
6 0.2625 0.46796875 0.046875 0.0484375
6 0.3109375 0.5359375 0.196875 0.0890625
6 0.3265625 0.4734375 0.0734375 0.0390625
6 0.42578125 0.53359375 0.0234375 0.08359375
6 0.290625 0.7109375 0.2875 0.2578125
6 0.63125 0.73515625 0.13828125 0.2125
6 0.5 0.9140625 1 0.171875
6 0.73515625 0.7390625 0.06328125 0.17734375
6 0.81015625 0.76015625 0.08671875 0.12734375
6 0.9171875 0.790625 0.11484375 0.06953125
6 0.084375 0.78359375 0.1359375 0.09375
6 0.10859375 0.70078125 0.08046875 0.06328125
6 0.12890625 0.65078125 0.03828125 0.03203125