0 0.315625 0.409375 0.01484375 0.0203125
2 0.290625 0.41171875 0.01640625 0.0296875
4 0.503125 0.56484375 0.15703125 0.17109375
6 0.22890625 0.4421875 0.10078125 0.0359375
6 0.325 0.6421875 0.2171875 0.35390625
6 0.11015625 0.73671875 0.215625 0.16875
6 0.16953125 0.61171875 0.09296875 0.07890625
6 0.20234375 0.55 0.034375 0.03359375
6 0.0984375 0.62421875 0.04921875 0.05078125
6 0.71796875 0.73984375 0.56328125 0.16328125
6 0.6734375 0.54609375 0.1796875 0.21484375
6 0.88359375 0.60546875 0.2328125 0.11640625
6 0.84296875 0.515625 0.14140625 0.06484375
6 0.38046875 0.4421875 0.1953125 0.0328125
6 0.53359375 0.45234375 0.10625 0.0453125