4 0.4984375 0.54765625 0.0875 0.18203125
1 0.42265625 0.37578125 0.021875 0.03203125
6 0.35859375 0.34296875 0.04140625 0.0171875
6 0.390625 0.37734375 0.03828125 0.03359375
6 0.3984375 0.3484375 0.03515625 0.0171875
6 0.43984375 0.41640625 0.175 0.04296875
6 0.459375 0.37578125 0.0484375 0.03125
6 0.32578125 0.42109375 0.04765625 0.03828125
6 0.33671875 0.68359375 0.23125 0.4703125
6 0.67109375 0.7828125 0.43671875 0.2859375
6 0.6234375 0.5625 0.15859375 0.15703125
6 0.740625 0.58046875 0.0765625 0.1125
6 0.54765625 0.4421875 0.0390625 0.07265625
6 0.59375 0.46015625 0.0390625 0.04296875
6 0.11171875 0.734375 0.21328125 0.3484375
6 0.17578125 0.525 0.08984375 0.065625
6 0.203125 0.4765625 0.0375 0.0265625