3 0.4234375 0.48671875 0.0390625 0.11953125
3 0.4765625 0.45703125 0.0203125 0.065625
6 0.2875 0.78203125 0.33828125 0.4359375
6 0.628125 0.8765625 0.33515625 0.246875
6 0.63359375 0.6875 0.2 0.13671875
6 0.5203125 0.53203125 0.1390625 0.0671875
6 0.58984375 0.59375 0.1109375 0.053125
6 0.303125 0.53515625 0.18828125 0.06171875
6 0.36484375 0.4828125 0.06640625 0.0234375
6 0.53046875 0.47109375 0.0546875 0.02734375
6 0.5578125 0.3859375 0.02578125 0.0109375
6 0.53828125 0.4109375 0.04609375 0.021875
6 0.52109375 0.4296875 0.05625 0.04375