4 0.50390625 0.575 0.06171875 0.175
5 0.303125 0.46171875 0.05078125 0.0484375
5 0.340625 0.41015625 0.04921875 0.0328125
5 0.36171875 0.37265625 0.0375 0.03203125
5 0.378125 0.33828125 0.03671875 0.025
6 0.47578125 0.428125 0.04453125 0.07734375
6 0.50234375 0.76171875 0.9953125 0.1828125
6 0.34453125 0.578125 0.24453125 0.18046875
6 0.65625 0.57890625 0.2453125 0.17421875
6 0.52890625 0.4453125 0.04921875 0.06015625
6 0.13984375 0.59375 0.16875 0.146875
6 0.43515625 0.465625 0.04453125 0.046875