0 0.3765625 0.46796875 0.03515625 0.06875
3 0.434375 0.46796875 0.04609375 0.06875
3 0.5015625 0.46953125 0.0515625 0.103125
6 0.20859375 0.80234375 0.4171875 0.3953125
6 0.5609375 0.89296875 0.27578125 0.2140625
6 0.30234375 0.57109375 0.25234375 0.078125
6 0.1421875 0.58125 0.06796875 0.0625
6 0.58671875 0.425 0.1109375 0.06484375
6 0.32421875 0.49453125 0.06796875 0.03671875
6 0.41953125 0.51484375 0.1046875 0.025
6 0.4640625 0.46796875 0.01640625 0.0578125
6 0.54765625 0.4953125 0.0296875 0.05390625