4 0.49765625 0.6984375 0.0984375 0.16484375
0 0.35078125 0.4671875 0.0296875 0.0765625
0 0.47421875 0.4640625 0.03046875 0.04453125
3 0.4203125 0.4609375 0.028125 0.05859375
6 0.4703125 0.56171875 0.37734375 0.11640625
6 0.46640625 0.9296875 0.69296875 0.1234375
6 0.77265625 0.69609375 0.42578125 0.10546875
6 0.7015625 0.80234375 0.26875 0.11015625
6 0.309375 0.74375 0.28046875 0.24921875
6 0.50703125 0.83203125 0.11328125 0.05078125
6 0.38828125 0.46640625 0.025 0.06953125
6 0.3203125 0.4875 0.02421875 0.0265625
6 0.74140625 0.58828125 0.1375 0.09375
6 0.46328125 0.42734375 0.0265625 0.02421875