1 0.32421875 0.45859375 0.034375 0.05078125
1 0.56484375 0.60859375 0.08671875 0.12734375
4 0.4953125 0.6796875 0.08125 0.184375
6 0.25234375 0.42578125 0.05625 0.03359375
6 0.2765625 0.7140625 0.05625 0.54453125
6 0.3828125 0.7484375 0.15078125 0.503125
6 0.36640625 0.45859375 0.04140625 0.0609375
6 0.4234375 0.4734375 0.07265625 0.04375
6 0.49140625 0.5328125 0.06171875 0.10390625
6 0.72890625 0.8828125 0.5390625 0.234375
6 0.771875 0.72421875 0.45625 0.10390625
6 0.67265625 0.60703125 0.12734375 0.1234375
6 0.8703125 0.63125 0.25859375 0.07734375
6 0.234375 0.73046875 0.0296875 0.51953125
6 0.10859375 0.88203125 0.2171875 0.2328125
6 0.19453125 0.69609375 0.04609375 0.13828125
6 0.1546875 0.71953125 0.03046875 0.09453125
6 0.11171875 0.74140625 0.0578125 0.04765625