4 0.4953125 0.6578125 0.10390625 0.2578125
0 0.52265625 0.46171875 0.02109375 0.0375
0 0.634375 0.45859375 0.02265625 0.03125
1 0.55234375 0.46484375 0.02109375 0.0390625
0 0.596875 0.4546875 0.01796875 0.0296875
6 0.67734375 0.7453125 0.2546875 0.49765625
6 0.85234375 0.75390625 0.08203125 0.47734375
6 0.94765625 0.7734375 0.10390625 0.428125
6 0.4375 0.88125 0.2171875 0.2109375
6 0.28515625 0.94453125 0.08046875 0.06953125
6 0.29765625 0.875 0.0484375 0.0484375
6 0.31640625 0.86015625 0.04140625 0.0828125
6 0.421875 0.68828125 0.0359375 0.14765625
6 0.38828125 0.72265625 0.02421875 0.08203125
6 0.36484375 0.74375 0.02109375 0.0484375
6 0.54140625 0.42890625 0.0546875 0.01171875
6 0.57421875 0.46328125 0.01875 0.04140625
6 0.515625 0.5015625 0.07265625 0.04140625
6 0.5015625 0.46796875 0.01640625 0.03515625
6 0.65625 0.4875 0.12421875 0.02578125