0 0.3125 0.49453125 0.1015625 0.14453125
5 0.44921875 0.3796875 0.0234375 0.03828125
5 0.43359375 0.4015625 0.0265625 0.01640625
1 0.2296875 0.71171875 0.2234375 0.26875
5 0.425 0.42734375 0.028125 0.01953125
3 0.621875 0.4625 0.04375 0.1203125
0 0.51640625 0.5078125 0.08125 0.10625
6 0.528125 0.40390625 0.0234375 0.028125
6 0.52421875 0.4171875 0.1015625 0.03359375
6 0.41953125 0.50703125 0.09609375 0.1609375
6 0.67578125 0.76015625 0.6484375 0.20859375
6 0.7375 0.609375 0.39375 0.0765625
6 0.66875 0.5359375 0.20703125 0.0609375
6 0.2015625 0.53359375 0.11640625 0.065625
6 0.0578125 0.728125 0.11171875 0.22734375
6 0.06015625 0.58203125 0.09921875 0.05703125