4 0.5015625 0.55703125 0.0890625 0.14609375
3 0.309375 0.42265625 0.07109375 0.09765625
3 0.41796875 0.4234375 0.07265625 0.103125
0 0.51953125 0.42890625 0.053125 0.05546875
1 0.49140625 0.3875 0.025 0.0265625
6 0.4984375 0.82734375 0.996875 0.3234375
6 0.61171875 0.584375 0.12109375 0.16796875
6 0.74296875 0.615625 0.15 0.08828125
6 0.23125 0.60625 0.45625 0.115625
6 0.30859375 0.51640625 0.30390625 0.05546875
6 0.12265625 0.53125 0.078125 0.02421875
6 0.584375 0.478125 0.0640625 0.02890625
6 0.54453125 0.38046875 0.03984375 0.0125
6 0.47421875 0.4328125 0.03203125 0.08515625
6 0.36484375 0.43828125 0.034375 0.0859375