4 0.5046875 0.62578125 0.153125 0.2515625
1 0.4453125 0.34609375 0.01953125 0.04453125
3 0.3421875 0.3109375 0.046875 0.06640625
6 0.7859375 0.70078125 0.4265625 0.5984375
6 0.21328125 0.75390625 0.4265625 0.44765625
6 0.50390625 0.87890625 0.14375 0.2328125
6 0.48125 0.44453125 0.1875 0.15
6 0.34453125 0.46328125 0.0890625 0.11796875
6 0.265625 0.4875 0.06875 0.08046875
6 0.20703125 0.50078125 0.04453125 0.0609375
6 0.40546875 0.33984375 0.05703125 0.03671875
6 0.65703125 0.3859375 0.13515625 0.03671875
6 0.5125 0.34921875 0.090625 0.0375