4 0.49609375 0.5515625 0.1046875 0.1703125
1 0.53984375 0.41484375 0.0421875 0.03125
6 0.5953125 0.7140625 0.08828125 0.56484375
6 0.81875 0.81796875 0.35546875 0.3640625
6 0.71875 0.5765625 0.153125 0.1265625
6 0.678125 0.4875 0.07265625 0.04140625
6 0.8765625 0.59765625 0.15625 0.071875
6 0.371875 0.815625 0.359375 0.35546875
6 0.09609375 0.8703125 0.19140625 0.259375
6 0.378125 0.55625 0.13046875 0.16171875
6 0.2890625 0.6 0.04140625 0.0671875
6 0.4875 0.44140625 0.0640625 0.04609375
6 0.53515625 0.45234375 0.03046875 0.0328125
6 0.43515625 0.4515625 0.03203125 0.03515625
6 0.40703125 0.459375 0.021875 0.03125