4 0.496875 0.53984375 0.09140625 0.15234375
2 0.57421875 0.33828125 0.0234375 0.034375
2 0.65 0.34296875 0.02109375 0.0265625
6 0.7453125 0.36484375 0.16328125 0.034375
6 0.86953125 0.37734375 0.07734375 0.034375
6 0.5 0.83515625 1 0.3296875
6 0.625 0.57734375 0.1671875 0.24140625
6 0.85625 0.6296875 0.2875 0.1203125
6 0.74609375 0.53125 0.07265625 0.053125
6 0.22421875 0.56328125 0.4484375 0.19375
6 0.49765625 0.65 0.0921875 0.059375
6 0.49140625 0.39921875 0.13828125 0.12890625
6 0.60625 0.41640625 0.08984375 0.09375
6 0.6140625 0.346875 0.0421875 0.05625
6 0.34453125 0.4203125 0.15390625 0.09296875
6 0.40546875 0.36171875 0.03125 0.0296875
6 0.2125 0.4359375 0.11171875 0.05390625
6 0.13828125 0.4421875 0.04375 0.034375
6 0.95546875 0.41640625 0.0890625 0.0671875
6 0.8875 0.40546875 0.059375 0.03125