4 0.503125 0.571875 0.10078125 0.1890625
3 0.19609375 0.36171875 0.053125 0.06171875
6 0.1484375 0.3046875 0.03515625 0.03125
6 0.12265625 0.31015625 0.0171875 0.04609375
6 0.09375 0.6484375 0.04140625 0.68671875
6 0.05234375 0.6546875 0.0390625 0.6671875
6 0.01796875 0.684375 0.03359375 0.60625
6 0.13984375 0.65859375 0.046875 0.65625
6 0.3109375 0.6984375 0.29296875 0.603125
6 0.63984375 0.87578125 0.36328125 0.2453125
6 0.61171875 0.709375 0.30859375 0.0734375
6 0.59296875 0.615625 0.0578125 0.125
6 0.2453125 0.371875 0.03671875 0.04609375
6 0.17734375 0.31953125 0.01171875 0.01484375