4 0.50390625 0.55 0.05390625 0.15390625
1 0.4390625 0.525 0.075 0.11796875
2 0.4859375 0.38125 0.009375 0.01875
2 0.51875 0.38515625 0.0078125 0.0125
2 0.55234375 0.3875 0.01328125 0.021875
6 0.57890625 0.69765625 0.08359375 0.57421875
6 0.809375 0.86875 0.37421875 0.22734375
6 0.7453125 0.68046875 0.2421875 0.15390625
6 0.6859375 0.54609375 0.13515625 0.08125
6 0.64453125 0.4765625 0.0421875 0.05859375
6 0.2671875 0.80625 0.534375 0.3515625
6 0.30546875 0.55703125 0.1921875 0.1421875
6 0.4546875 0.43671875 0.1609375 0.0515625
6 0.35859375 0.4671875 0.0375 0.0296875
6 0.509375 0.3625 0.03046875 0.0171875
6 0.465625 0.39921875 0.01484375 0.0265625
6 0.50546875 0.39921875 0.01953125 0.0265625
6 0.50390625 0.3765625 0.01171875 0.02265625
6 0.53515625 0.390625 0.0171875 0.03671875