4 0.5 0.56953125 0.08828125 0.12890625
1 0.40703125 0.440625 0.04140625 0.04609375
1 0.44453125 0.41796875 0.04140625 0.05546875
6 0.22578125 0.74609375 0.4515625 0.4359375
6 0.55234375 0.81640625 0.19921875 0.3421875
6 0.23125 0.521875 0.3078125 0.0078125
6 0.2421875 0.50546875 0.28671875 0.0171875
6 0.2453125 0.49375 0.26875 0.0140625
6 0.33671875 0.446875 0.08359375 0.05859375
6 0.2578125 0.4640625 0.06953125 0.03359375
6 0.47421875 0.4875 0.16796875 0.0296875
6 0.4953125 0.46171875 0.1140625 0.03359375
6 0.50546875 0.4265625 0.0734375 0.05390625