4 0.49296875 0.5484375 0.0921875 0.17890625
1 0.64140625 0.42734375 0.04296875 0.0484375
6 0.7421875 0.37890625 0.015625 0.02265625
6 0.68515625 0.7296875 0.2828125 0.5234375
6 0.91328125 0.76171875 0.17265625 0.4484375
6 0.69765625 0.42734375 0.05546875 0.0640625
6 0.5671875 0.43359375 0.0953125 0.05078125
6 0.3015625 0.81796875 0.48125 0.3640625
6 0.36640625 0.57421875 0.1578125 0.12421875
6 0.4140625 0.48359375 0.0578125 0.0484375
6 0.48984375 0.43828125 0.0609375 0.03203125
6 0.240625 0.5875 0.09609375 0.09609375