4 0.5015625 0.5671875 0.06953125 0.1796875
6 0.5015625 0.83125 0.996875 0.3078125
6 0.65546875 0.57421875 0.2359375 0.2109375
6 0.8578125 0.625 0.16796875 0.1453125
6 0.97109375 0.64453125 0.0578125 0.0640625
6 0.56953125 0.42890625 0.06875 0.06875
6 0.6375 0.45 0.0640625 0.04140625
6 0.35078125 0.609375 0.23046875 0.12265625
6 0.37890625 0.51171875 0.1734375 0.0578125
6 0.14140625 0.64765625 0.18203125 0.04609375
6 0.47578125 0.44453125 0.13671875 0.03515625
6 0.4984375 0.4125 0.06796875 0.01015625
6 0.421875 0.4609375 0.084375 0.03984375