4 0.5015625 0.55234375 0.07578125 0.15234375
1 0.68515625 0.459375 0.05390625 0.09609375
1 0.665625 0.29140625 0.03046875 0.03203125
6 0.74453125 0.10390625 0.053125 0.0375
6 0.68515625 0.22265625 0.0734375 0.0640625
6 0.71484375 0.16484375 0.04921875 0.04453125
6 0.68125 0.175 0.01484375 0.02421875
6 0.7078125 0.84765625 0.584375 0.2859375
6 0.76953125 0.64140625 0.46015625 0.1390625
6 0.73359375 0.53984375 0.384375 0.0703125
6 0.484375 0.671875 0.11640625 0.08125
6 0.56953125 0.43203125 0.17109375 0.0609375
6 0.603125 0.48359375 0.115625 0.04375
6 0.60703125 0.35546875 0.13125 0.078125
6 0.52421875 0.3734375 0.0359375 0.05703125
6 0.47265625 0.4453125 0.02578125 0.02734375
6 0.61015625 0.29921875 0.0734375 0.0421875
6 0.63359375 0.24140625 0.02578125 0.03359375
6 0.621875 0.265625 0.0375 0.0359375
6 0.45078125 0.5609375 0.0171875 0.15859375