4 0.496875 0.55703125 0.0859375 0.1609375
2 0.52421875 0.378125 0.0109375 0.0171875
3 0.56171875 0.3671875 0.0171875 0.034375
1 0.61328125 0.375 0.0296875 0.0375
6 0.728125 0.81640625 0.540625 0.3671875
6 0.7703125 0.55390625 0.459375 0.16171875
6 0.771875 0.43359375 0.45546875 0.08125
6 0.83203125 0.3796875 0.33515625 0.034375
6 0.52265625 0.43828125 0.03828125 0.090625
6 0.54375 0.36484375 0.01015625 0.04140625
6 0.565625 0.3390625 0.0203125 0.0078125
6 0.51171875 0.37890625 0.009375 0.02734375
6 0.53125 0.37109375 0.01171875 0.03125
6 0.646875 0.37578125 0.03515625 0.04921875