4 0.5015625 0.55859375 0.07890625 0.203125
6 0.453125 0.38203125 0.09375 0.0484375
6 0.23125 0.80546875 0.4609375 0.33515625
6 0.7703125 0.8140625 0.4546875 0.36640625
6 0.5015625 0.82265625 0.07734375 0.32734375
6 0.27734375 0.60390625 0.37109375 0.06640625
6 0.33125 0.52421875 0.2578125 0.08125
6 0.38046875 0.4484375 0.15234375 0.06328125
6 0.5171875 0.4390625 0.12265625 0.046875
6 0.640625 0.5546875 0.190625 0.16796875
6 0.83984375 0.58515625 0.2015625 0.090625
6 0.60859375 0.45234375 0.05625 0.05078125
6 0.5078125 0.3921875 0.01796875 0.02265625
6 0.3875 0.3984375 0.03984375 0.025