4 0.49765625 0.5546875 0.078125 0.18359375
0 0.53046875 0.3625 0.0125 0.01875
0 0.56015625 0.36328125 0.01640625 0.02890625
6 0.22734375 0.75078125 0.4546875 0.4703125
6 0.596875 0.81328125 0.2796875 0.340625
6 0.60546875 0.55078125 0.1296875 0.1734375
6 0.56796875 0.41484375 0.05703125 0.090625
6 0.26953125 0.4859375 0.3734375 0.0421875
6 0.35859375 0.43671875 0.19921875 0.0359375
6 0.496875 0.42578125 0.08359375 0.05703125
6 0.5046875 0.3796875 0.05546875 0.01640625
6 0.43828125 0.39921875 0.02734375 0.02734375
6 0.46171875 0.38828125 0.01953125 0.02265625