4 0.4073206018518519 0.49609375 0.17981481481481473 0.08125
0 0.6047743055555556 0.5390625 0.02923611111111111 0.01875
0 0.6139872685185186 0.4890625 0.02886574074074062 0.0125
2 0.6108969907407407 0.51484375 0.022523148148148132 0.0109375
6 0.37059027777777775 0.628125 0.26165509259259256 0.1703125
6 0.1631712962962963 0.85625 0.3263425925925926 0.28125
6 0.1421875 0.35703125 0.284375 0.7140625
6 0.3993055555555556 0.328125 0.22069444444444447 0.24375
6 0.34865162037037034 0.14140625 0.15115740740740743 0.125
6 0.29372106481481486 0.48828125 0.08046296296296296 0.0921875
6 0.5482291666666667 0.478125 0.08527777777777779 0.1734375
6 0.5408333333333333 0.365625 0.04560185185185191 0.03125
6 0.5188599537037037 0.59140625 0.05020833333333332 0.05625
6 0.6408912037037038 0.54921875 0.014999999999999857 0.0421875
6 0.6353761574074074 0.55 0.019884259259259275 0.071875
6 0.6035243055555556 0.56015625 0.03226851851851862 0.0171875