4 0.4591145833333333 0.5103761574074074 0.17861111111111114 0.08384259259259252
0 0.6572048611111111 0.47037037037037044 0.028958333333333287 0.019166666666666644
0 0.6656770833333333 0.520462962962963 0.028680555555555643 0.012916666666666642
2 0.66296875 0.49465856481481474 0.022361111111111144 0.011261574074073976
6 0.4243402777777778 0.3779166666666667 0.25913194444444443 0.1740393518518518
6 0.19232638888888892 0.14650462962962962 0.378125 0.2866666666666667
6 0.1809201388888889 0.643119212962963 0.29579861111111116 0.713761574074074
6 0.44861111111111107 0.6780787037037037 0.21708333333333343 0.2468055555555555
6 0.3951909722222222 0.863883101851852 0.14930555555555552 0.1271296296296299
6 0.34539930555555554 0.5164988425925926 0.07909722222222229 0.09329861111111111
6 0.5997569444444444 0.5304166666666666 0.08270833333333343 0.1745486111111111
6 0.5906944444444445 0.6427083333333333 0.04513888888888893 0.031898148148148134
6 0.5720659722222222 0.41679976851851847 0.04937500000000004 0.056944444444444464
6 0.6934722222222222 0.4607581018518518 0.014375000000000072 0.04237268518518533
6 0.6879687499999999 0.4598958333333333 0.0188194444444445 0.0721064814814815
6 0.6562673611111111 0.4492766203703704 0.032013888888888786 0.017650462962962975