4 0.5320833333333332 0.5710358796296295 0.10136574074074076 0.18662037037037038
6 0.8002199074074074 0.4452372685185185 0.20666666666666664 0.12435185185185169
6 0.6107465277777778 0.44023726851851847 0.17770833333333336 0.10862268518518511
6 0.7160821759259258 0.7492708333333333 0.2660416666666666 0.5014583333333335
6 0.9123668981481481 0.7980815972222223 0.17526620370370374 0.4038368055555555
6 0.8919097222222222 0.5736747685185184 0.14064814814814816 0.061273148148148236
6 0.25971064814814815 0.7704050925925926 0.4490972222222222 0.45918981481481486
6 0.5408391203703704 0.8272077546296297 0.1462037037037037 0.3455844907407407
6 0.28317708333333336 0.5352662037037037 0.35443287037037036 0.06927083333333339
6 0.3436805555555556 0.4921412037037037 0.2374305555555555 0.06545138888888893
6 0.3921006944444444 0.455306712962963 0.16122685185185182 0.0406944444444445
6 0.4723263888888889 0.4296990740740741 0.11334490740740737 0.04719907407407398