4 0.552517361111111 0.5120312499999999 0.1832638888888889 0.09465277777777778
6 0.41647569444444443 0.7854340277777778 0.11694444444444443 0.20249999999999985
6 0.4185069444444444 0.5957291666666666 0.10225694444444447 0.17406249999999995
6 0.738984375 0.6889409722222222 0.5220312500000001 0.24624999999999986
6 0.7834114583333334 0.9013715277777777 0.4331770833333334 0.19395833333333315
6 0.5417881944444444 0.8725520833333335 0.0561805555555555 0.13868055555555542
6 0.7703472222222223 0.23118055555555556 0.4593055555555555 0.4320833333333334
6 0.818767361111111 0.510920138888889 0.36059027777777786 0.132951388888889
6 0.5259201388888889 0.26390625 0.05625 0.35263888888888895
6 0.4804513888888889 0.32614583333333336 0.056770833333333395 0.23552083333333335
6 0.4417361111111111 0.3760416666666667 0.034791666666666644 0.16006944444444446
6 0.4130902777777778 0.45739583333333333 0.04309027777777778 0.11184027777777779