4 0.4701215277777778 0.5608622685185185 0.12928240740740743 0.20664351851851848
1 0.49941550925925926 0.3731597222222222 0.035833333333333425 0.02914351851851853
6 0.49454282407407407 0.34641203703703705 0.05409722222222228 0.020324074074074085
6 0.49895254629629626 0.41226851851851853 0.1223148148148148 0.07226851851851848
6 0.5421469907407407 0.8470775462962962 0.8442476851851852 0.3058449074074076
6 0.6093055555555555 0.5626388888888888 0.1671875 0.21556712962962976
6 0.8260069444444443 0.6840798611111112 0.29848379629629634 0.37078703703703686
6 0.3184548611111111 0.6338310185185184 0.18092592592592593 0.2097337962962964
6 0.3803935185185185 0.49560763888888887 0.06795138888888888 0.07689814814814824
6 0.4212962962962963 0.43109374999999994 0.05307870370370367 0.060856481481481595
6 0.5540219907407408 0.6932349537037037 0.28640046296296295 0.04748842592592588