4 0.43175347222222216 0.47490162037037037 0.20840277777777771 0.12928240740740743
1 0.6191666666666666 0.4846701388888889 0.02965277777777775 0.035833333333333425
6 0.6460069444444445 0.477042824074074 0.021111111111111212 0.05409722222222228
6 0.5800347222222222 0.4882581018518518 0.07402777777777772 0.1223148148148148
6 0.15164930555555556 0.5778761574074074 0.3032986111111111 0.8442476851851852
6 0.42791666666666667 0.6138425925925926 0.21788194444444448 0.1671875
6 0.3031770833333333 0.8424537037037038 0.3749305555555556 0.29848379629629634
6 0.36097222222222225 0.33125578703703706 0.21225694444444443 0.18092592592592585
6 0.4983854166666667 0.3786921296296296 0.07784722222222236 0.06795138888888878
6 0.5623437499999999 0.4127893518518519 0.06159722222222221 0.05307870370370367
6 0.29803819444444446 0.5722511574074074 0.05170138888888891 0.28640046296296295