4 0.6119270833333333 0.47502893518518513 0.2199305555555556 0.10486111111111107
0 0.4028819444444444 0.4725983796296296 0.02243055555555564 0.01331018518518512
0 0.4025520833333333 0.44756944444444446 0.020659722222222322 0.008564814814814881
6 0.4438888888888889 0.4444733796296296 0.049097222222222216 0.12193287037037023
6 0.4674479166666667 0.4287326388888889 0.022326388888888892 0.25665509259259256
6 0.3927777777777778 0.49175347222222215 0.01604166666666664 0.009953703703703808
6 0.5644791666666666 0.30541087962962965 0.16340277777777779 0.23692129629629627
6 0.6136631944444444 0.5845196759259259 0.17444444444444435 0.134375
6 0.8462847222222223 0.6347222222222222 0.30743055555555543 0.27164351851851853
6 0.8555729166666666 0.25324074074074077 0.28885416666666686 0.5064814814814815
6 0.6645833333333334 0.21034432870370373 0.1258333333333333 0.42068865740740746
6 0.5496354166666666 0.09467592592592591 0.12270833333333328 0.16365740740740742
6 0.47335069444444444 0.42068865740740746 0.0453819444444445 0.2840277777777779