4 0.4175173611111111 0.52421875 0.21706018518518527 0.11125000000000007
0 0.6259606481481482 0.52796875 0.022060185185185332 0.013958333333333428
0 0.6248090277777777 0.5029166666666667 0.020428240740740834 0.009166666666666679
6 0.5833796296296296 0.49859375000000006 0.0455324074074074 0.1232291666666665
6 0.5589409722222223 0.48213541666666665 0.014733796296296297 0.2569791666666667
6 0.637175925925926 0.5474479166666667 0.01576388888888882 0.010416666666666786
6 0.4548263888888888 0.35578125 0.15655092592592582 0.24145833333333327
6 0.4222627314814815 0.6338020833333333 0.17064814814814824 0.13937500000000008
6 0.17548611111111112 0.6766666666666666 0.3350925925925926 0.2814583333333333
6 0.1485127314814815 0.27838541666666666 0.2968865740740741 0.5473958333333333
6 0.3486111111111111 0.24567708333333332 0.11277777777777782 0.4477083333333334
6 0.4571701388888889 0.14520833333333333 0.11798611111111104 0.16708333333333333
6 0.5525752314814815 0.47390625000000003 0.03700231481481477 0.285