4 0.47902199074074076 0.617175925925926 0.16678240740740743 0.2936342592592592
1 0.5003182870370371 0.40155671296296297 0.029745370370370415 0.04541666666666675
3 0.38894675925925926 0.3855613425925926 0.04866898148148149 0.05121527777777777
6 0.42280092592592594 0.4439409722222222 0.2395833333333332 0.07032407407407408
6 0.2013165509259259 0.7281481481481482 0.4026331018518518 0.5437037037037037
6 0.5954571759259258 0.8832957175925926 0.4135416666666666 0.23340856481481467
6 0.582667824074074 0.6515046296296296 0.06475694444444446 0.2330208333333335
6 0.637644675925926 0.689212962962963 0.06273148148148149 0.17833333333333332
6 0.6844618055555556 0.7358333333333332 0.050115740740740836 0.09027777777777786
6 0.7326967592592593 0.7653125000000001 0.03634259259259256 0.05516203703703706
6 0.5468460648148149 0.39256944444444447 0.0606481481481481 0.03789351851851848
6 0.44707754629629626 0.4015335648148148 0.07164351851851851 0.08219907407407412
6 0.2609375 0.4382638888888889 0.07974537037037041 0.048379629629629585