4 0.3865335648148148 0.5221701388888889 0.2924768518518518 0.17099537037037038
1 0.6022511574074073 0.5466724537037038 0.04520833333333343 0.03039351851851855
3 0.6174189814814814 0.43543981481481475 0.050868055555555534 0.04938657407407412
6 0.5593055555555555 0.4684606481481482 0.06856481481481466 0.24041666666666667
6 0.27185474537037035 0.22433449074074074 0.5437094907407407 0.4467824074074073
6 0.11827835648148148 0.6345543981481481 0.23655671296296296 0.41708333333333325
6 0.35298032407407404 0.6253993055555556 0.23260416666666667 0.06815972222222229
6 0.31568865740740737 0.6798668981481482 0.17791666666666667 0.06532407407407419
6 0.2694270833333333 0.7260358796296297 0.08993055555555554 0.051412037037037096
6 0.2403125 0.7738773148148148 0.054907407407407405 0.03712962962962969
6 0.6115798611111111 0.5933738425925925 0.03745370370370367 0.0611574074074074
6 0.6018807870370371 0.49338541666666663 0.08168981481481481 0.07280092592592595
6 0.5637847222222222 0.3065393518518518 0.047800925925925955 0.08039351851851854