0 0.4515625 0.644068287037037 0.090625 0.06116898148148149
0 0.46640625 0.5344618055555556 0.1 0.07714120370370381
1 0.3421875 0.3298611111111111 0.034375 0.016898148148148183
1 0.4015625 0.40393518518518523 0.040625 0.03587962962962958
0 0.4859375 0.3758101851851852 0.15 0.08993055555555554
6 0.82265625 0.5484375 0.34375 0.6142939814814816
6 0.60078125 0.7042824074074073 0.125 0.2936921296296296
6 0.61484375 0.37589699074074073 0.065625 0.23993055555555554
6 0.49765625 0.45436921296296295 0.140625 0.07864583333333339
6 0.39375 0.3442708333333333 0.04375 0.07974537037037041
6 0.353125 0.2974537037037037 0.028125 0.04166666666666661
6 0.35234375 0.3513310185185185 0.0265625 0.02598379629629628
6 0.403125 0.45164930555555555 0.0578125 0.04901620370370381