0 0.4655034722222222 0.6474131944444445 0.09190972222222218 0.061840277777777786
0 0.47789930555555554 0.5379166666666666 0.1016319444444445 0.07788194444444443
1 0.34923611111111114 0.33239583333333333 0.03472222222222223 0.01715277777777775
1 0.4102083333333333 0.4069097222222222 0.04138888888888879 0.03618055555555557
0 0.4938888888888888 0.37940972222222225 0.15187500000000007 0.09104166666666665
6 0.8278038194444445 0.5545312499999999 0.344392361111111 0.6168402777777778
6 0.6159375 0.7087326388888889 0.13142361111111106 0.29461805555555554
6 0.6226909722222222 0.38045138888888885 0.07090277777777772 0.24041666666666667
6 0.5073437500000001 0.45805555555555555 0.1422569444444445 0.0796875
6 0.40107638888888886 0.3471875 0.045486111111111074 0.08006944444444439
6 0.35944444444444446 0.30006944444444444 0.029027777777777784 0.041875000000000016
6 0.3598611111111111 0.35394097222222226 0.027118055555555555 0.026180555555555606
6 0.4128298611111111 0.45463541666666674 0.05885416666666661 0.04944444444444436