4 0.47046875000000005 0.5300636574074075 0.10656250000000007 0.19774305555555555
0 0.4221875 0.3321585648148148 0.011875000000000035 0.01471064814814813
0 0.3916145833333333 0.33552662037037034 0.010729166666666679 0.020868055555555553
6 0.39057291666666666 0.3861689814814815 0.12041666666666666 0.0787268518518518
6 0.29572916666666665 0.6999421296296297 0.2607291666666667 0.5726157407407408
6 0.12322916666666668 0.7195023148148147 0.1447916666666667 0.5377314814814815
6 0.038098958333333335 0.7480902777777778 0.07619791666666667 0.46714120370370366
6 0.6192708333333334 0.7842650462962963 0.475 0.37832175925925926
6 0.6226041666666667 0.5475057870370371 0.21750000000000008 0.13428240740740732
6 0.5782291666666667 0.45442129629629624 0.10885416666666661 0.06870370370370367
6 0.4671875 0.3808506944444444 0.04718750000000007 0.07749999999999994
6 0.5189583333333333 0.39801504629629625 0.06750000000000007 0.032013888888888876