4 0.4736979166666667 0.5338773148148148 0.1984375 0.10513888888888889
0 0.6711458333333333 0.4841030092592593 0.014791666666666713 0.011770833333333286
0 0.6675520833333334 0.4535416666666666 0.020937500000000143 0.010578703703703595
6 0.6169270833333333 0.4528761574074074 0.07958333333333342 0.11988425925925927
6 0.3026041666666667 0.3603240740740741 0.5742708333333334 0.25658564814814816
6 0.28177083333333336 0.18789351851851852 0.5385416666666667 0.1408564814814815
6 0.25234375 0.07331597222222222 0.4679166666666667 0.1320023148148148
6 0.22072916666666664 0.6846354166666667 0.38166666666666665 0.4723958333333334
6 0.45739583333333333 0.6862094907407407 0.13583333333333342 0.21659722222222227
6 0.5501041666666666 0.6411226851851852 0.06947916666666672 0.10839120370370381
6 0.6228125 0.5294849537037037 0.07781249999999992 0.04663194444444443
6 0.6060416666666667 0.58140625 0.03249999999999993 0.06729166666666657