4 0.5921354166666667 0.4789756944444445 0.18135416666666657 0.12260416666666671
1 0.43296875 0.6147395833333333 0.04604166666666672 0.03534722222222229
6 0.41171875 0.6715451388888889 0.046666666666666676 0.04472222222222229
6 0.43859375000000006 0.5465451388888889 0.06999999999999992 0.09048611111111118
6 0.45192708333333337 0.65265625 0.03822916666666672 0.03517361111111121
6 0.49822916666666667 0.5726041666666667 0.04562500000000007 0.26312500000000016
6 0.6255208333333333 0.6511458333333333 0.2375 0.23930555555555558
6 0.8530989583333334 0.48980902777777774 0.2938020833333333 0.5568750000000001
6 0.6945833333333333 0.4195833333333333 0.04499999999999993 0.20694444444444446
6 0.6493229166666666 0.8321354166666668 0.1898958333333333 0.13371527777777778
6 0.47791666666666666 0.6082638888888889 0.04572916666666664 0.054062500000000034