4 0.47130208333333334 0.5292361111111111 0.13031249999999997 0.18047453703703695
1 0.35046875 0.36909143518518517 0.03729166666666668 0.04578703703703706
6 0.2958854166666667 0.3474247685185185 0.046666666666666676 0.046342592592592616
6 0.4177604166666667 0.3752199074074074 0.09333333333333335 0.06934027777777771
6 0.31109375000000006 0.3877662037037037 0.03677083333333329 0.03797453703703697
6 0.38656250000000003 0.43465277777777783 0.26437499999999997 0.0436805555555555
6 0.2971875 0.5613425925925926 0.2491666666666667 0.23576388888888894
6 0.43505208333333334 0.8161921296296295 0.570625 0.3419675925925926
6 0.52125 0.6321064814814814 0.2083333333333332 0.043472222222222356
6 0.11515625 0.5838020833333333 0.14177083333333332 0.18893518518518526
6 0.35291666666666666 0.4140798611111111 0.05593749999999993 0.04533564814814817