4 0.4504398148148148 0.473917824074074 0.14968749999999992 0.09207175925925917
1 0.56515625 0.3711689814814815 0.06326388888888879 0.05480324074074074
6 0.6329456018518519 0.43244791666666665 0.0611574074074074 0.12339120370370367
6 0.5653414351851852 0.46405671296296297 0.08002314814814823 0.13217592592592595
6 0.1671875 0.37890625 0.334375 0.7578125
6 0.4218229166666667 0.5612731481481481 0.1543981481481481 0.09387731481481473
6 0.43100694444444443 0.21847222222222223 0.19111111111111115 0.43694444444444447
6 0.5834085648148148 0.29840277777777774 0.12771990740740727 0.08468750000000007
6 0.578755787037037 0.19091435185185185 0.10828703703703706 0.14300925925925925
6 0.564525462962963 0.05897858796296296 0.10833333333333339 0.11795717592592592
6 0.6302314814814816 0.35218171296296297 0.05368055555555564 0.0402546296296296