4 0.4651851851851852 0.4874826388888889 0.14968749999999992 0.08767361111111108
1 0.5770312499999999 0.38809027777777777 0.06326388888888879 0.05295138888888884
6 0.6467418981481481 0.45140624999999995 0.0611574074074074 0.12163194444444443
6 0.5799710648148148 0.48102430555555553 0.08002314814814823 0.12986111111111107
6 0.17280092592592594 0.37890625 0.3456018518518519 0.7578125
6 0.4391145833333333 0.5740277777777777 0.1543981481481481 0.08934027777777764
6 0.4377430555555556 0.22354166666666667 0.19111111111111115 0.44708333333333333
6 0.5931539351851851 0.3158333333333333 0.12771990740740727 0.08093750000000002
6 0.585306712962963 0.20815972222222223 0.10828703703703706 0.13986111111111113
6 0.5667245370370371 0.06657118055555555 0.10833333333333339 0.1331423611111111
6 0.6416435185185184 0.3710243055555556 0.05368055555555564 0.03868055555555561