4 0.460625 0.5604166666666666 0.12125000000000004 0.2523148148148149
2 0.48010416666666667 0.3617476851851852 0.02322916666666668 0.02112268518518512
2 0.4465624999999999 0.36221064814814813 0.02312499999999993 0.019560185185185208
2 0.40776041666666674 0.3597511574074074 0.017604166666666643 0.03026620370370372
6 0.43098958333333337 0.40876736111111106 0.18270833333333342 0.07534722222222215
6 0.203046875 0.7129918981481481 0.40609375 0.5162037037037038
6 0.51671875 0.8178530092592592 0.2819791666666667 0.27853009259259237
6 0.5641145833333333 0.5861979166666667 0.12250000000000014 0.20092592592592595
6 0.5428645833333333 0.4490451388888889 0.05479166666666675 0.12048611111111107
6 0.5074479166666667 0.36073495370370373 0.027812499999999928 0.04311342592592595
6 0.2874479166666667 0.4343460648148148 0.10895833333333335 0.09131944444444447