4 0.5120833333333333 0.5604166666666666 0.11020833333333328 0.2523148148148149
2 0.5139236111111111 0.3617476851851852 0.022326388888888892 0.02112268518518512
2 0.4803125 0.36221064814814813 0.022291666666666644 0.019560185185185208
2 0.4411631944444444 0.3597511574074074 0.016284722222222214 0.03026620370370372
6 0.4688368055555555 0.40876736111111106 0.17965277777777774 0.07534722222222215
6 0.23477430555555556 0.7129918981481481 0.4486111111111112 0.5162037037037038
6 0.5913020833333333 0.8178530092592592 0.2700347222222222 0.27853009259259237
6 0.6182118055555555 0.5861979166666667 0.11374999999999993 0.20092592592592595
6 0.5846701388888889 0.4490451388888889 0.04951388888888886 0.12048611111111107
6 0.5412673611111111 0.36073495370370373 0.025937500000000037 0.04311342592592595
6 0.32710069444444445 0.4343460648148148 0.1050694444444444 0.09131944444444447