3 0.5166145833333333 0.5585358796296296 0.12077546296296297 0.043460648148148096
3 0.4841724537037037 0.5065104166666667 0.06667824074074069 0.022743055555555537
6 0.7961284722222223 0.6835358796296297 0.4077430555555555 0.3536458333333334
6 0.8818692129629631 0.3394097222222222 0.23626157407407397 0.3435185185185185
6 0.7064988425925925 0.340943287037037 0.14787037037037046 0.20509259259259255
6 0.5569039351851852 0.45998263888888885 0.0743981481481482 0.14155092592592594
6 0.615017361111111 0.38816550925925924 0.05887731481481495 0.11290509259259256
6 0.5712905092592593 0.677054398148148 0.07222222222222215 0.18981481481481488
6 0.5157465277777777 0.6172743055555555 0.02684027777777782 0.06649305555555554
6 0.4954398148148148 0.4520833333333334 0.030960648148148095 0.05572916666666679
6 0.40886574074074067 0.42789351851851853 0.012233796296296262 0.02540509259259256
6 0.4348784722222222 0.44649884259259254 0.024305555555555712 0.04768518518518512
6 0.4545196759259259 0.4629918981481481 0.0466666666666665 0.05787037037037024