4 0.49939236111111107 0.6342708333333333 0.09049768518518526 0.1977083333333333
3 0.6977835648148147 0.5136979166666666 0.059710648148148235 0.047951388888888856
2 0.7843402777777777 0.48796875 0.009629629629629655 0.034791666666666644
0 0.7412442129629631 0.4726909722222222 0.022222222222222143 0.047847222222222284
2 0.7005497685185185 0.4651215277777778 0.017395833333333322 0.028888888888888787
6 0.2597743055555556 0.7809027777777777 0.37964120370370374 0.4323611111111111
6 0.5456423611111111 0.8643229166666666 0.18601851851851858 0.23006944444444458
6 0.5830729166666666 0.6422743055555555 0.06692129629629626 0.17791666666666667
6 0.3517708333333333 0.5400173611111111 0.1862847222222223 0.05513888888888889
6 0.5570023148148148 0.49885416666666665 0.20361111111111113 0.07465277777777786
6 0.8187731481481482 0.49425347222222216 0.048692129629629474 0.036527777777777715