2 0.468113425925926 0.3083449074074074 0.05355324074074073 0.06096064814814817
2 0.465 0.41560763888888885 0.058101851851851904 0.042488425925925985
2 0.46024305555555556 0.5120254629629629 0.05179398148148149 0.0343055555555555
1 0.5711689814814814 0.2928587962962963 0.17141203703703703 0.15853009259259263
4 0.5825925925925926 0.4633506944444445 0.19115740740740747 0.08317129629629641
6 0.41268518518518515 0.4226157407407408 0.04398148148148149 0.03384259259259252
6 0.41943287037037036 0.38391782407407404 0.029976851851851904 0.04082175925925924
6 0.4458043981481481 0.4620775462962963 0.05657407407407398 0.047083333333333324
6 0.4654166666666667 0.3663425925925926 0.05965277777777782 0.041018518518518475
6 0.5498148148148149 0.15343749999999998 0.10087962962962962 0.12467592592592594
6 0.6958564814814816 0.5598090277777779 0.3118171296296296 0.13717592592592603
6 0.7643923611111111 0.31579861111111107 0.1838541666666668 0.3623032407407408
6 0.7413368055555555 0.6852951388888889 0.20402777777777778 0.13391203703703702