4 0.5464930555555556 0.5134201388888889 0.13656250000000014 0.08732638888888893
1 0.40401041666666665 0.5344965277777778 0.04024305555555561 0.027430555555555534
1 0.3735590277777778 0.3398784722222222 0.02468750000000002 0.02864583333333339
3 0.4527951388888889 0.14065972222222223 0.03868055555555561 0.02739583333333333
6 0.40479166666666666 0.14741319444444445 0.030625000000000034 0.05687500000000001
6 0.4253298611111111 0.19557291666666665 0.059375 0.07156250000000001
6 0.4552083333333334 0.10395833333333333 0.03604166666666657 0.038263888888888875
6 0.4249305555555555 0.11657986111111111 0.012916666666666642 0.009652777777777777
6 0.40355902777777775 0.263125 0.038576388888888855 0.06017361111111112
6 0.38119791666666664 0.30876736111111114 0.04513888888888893 0.032222222222222194
6 0.6172916666666667 0.7776475694444445 0.3545138888888889 0.44470486111111107
6 0.71 0.4591840277777778 0.18090277777777786 0.20694444444444446
6 0.7668229166666667 0.32437499999999997 0.08729166666666685 0.06749999999999998
6 0.5636805555555556 0.44342013888888887 0.13069444444444436 0.06065972222222218
6 0.44196180555555553 0.7011284722222222 0.056631944444444395 0.4664236111111112
6 0.41157986111111117 0.6457118055555556 0.03965277777777772 0.1897569444444443
6 0.4095138888888889 0.49864583333333334 0.03732638888888893 0.032048611111111215
6 0.34487847222222223 0.4925173611111111 0.05625 0.0714930555555556
6 0.3858159722222222 0.5919618055555557 0.028680555555555643 0.08336805555555564
6 0.3577604166666667 0.5545833333333333 0.036527777777777805 0.04920138888888896
6 0.33956597222222223 0.43609375000000006 0.03930555555555557 0.041458333333333285
6 0.3527951388888889 0.3847743055555556 0.036805555555555536 0.055451388888888876