4 0.669704861111111 0.5390277777777778 0.21565972222222207 0.08456018518518515
1 0.45125000000000004 0.6095659722222223 0.050833333333333286 0.04046296296296283
0 0.4103298611111111 0.6640972222222222 0.033159722222222146 0.01756944444444457
6 0.834375 0.2806018518518519 0.33125 0.48194444444444445
6 0.8860243055555556 0.6404571759259259 0.22795138888888894 0.2609490740740739
6 0.6673611111111111 0.6091087962962962 0.20763888888888893 0.07472222222222236
6 0.60453125 0.37990162037037034 0.13027777777777771 0.24490740740740743
6 0.6243055555555556 0.21644675925925924 0.07395833333333321 0.09800925925925927
6 0.52671875 0.49466435185185187 0.06770833333333322 0.23807870370370363
6 0.48319444444444437 0.537337962962963 0.03989583333333328 0.11003472222222221
6 0.4575347222222222 0.576388888888889 0.011458333333333215 0.024085648148148307
6 0.4378819444444444 0.6399826388888888 0.028680555555555643 0.02666666666666657