0 0.553125 0.45234375 0.028125 0.06640625
3 0.62109375 0.43984375 0.028125 0.06953125
3 0.7109375 0.44453125 0.05234375 0.0953125
1 0.784375 0.4171875 0.0328125 0.040625
6 0.5375 0.8859375 0.54375 0.228125
6 0.77890625 0.68046875 0.43203125 0.16484375
6 0.90625 0.87578125 0.1875 0.228125
6 0.39453125 0.6859375 0.13515625 0.159375
6 0.6625 0.55703125 0.37890625 0.1234375
6 0.44140625 0.56640625 0.065625 0.0609375
6 0.82890625 0.35703125 0.06171875 0.034375
6 0.78828125 0.38125 0.109375 0.034375
6 0.66015625 0.4484375 0.03046875 0.0921875
6 0.5875 0.4625 0.025 0.05546875
6 0.7734375 0.478125 0.065625 0.0640625