0 0.46615162037037033 0.4221701388888889 0.07365740740740741 0.03597222222222207
0 0.34475694444444444 0.2832986111111111 0.08270833333333334 0.02993055555555557
1 0.4107002314814815 0.3483159722222222 0.043645833333333425 0.029062500000000036
6 0.64375 0.196875 0.7094444444444445 0.1375
6 0.6912962962962963 0.2842013888888889 0.6024305555555557 0.06020833333333329
6 0.7174913194444444 0.34220486111111115 0.5650173611111111 0.07201388888888882
6 0.7562615740740741 0.39286458333333335 0.48747685185185186 0.04552083333333332
6 0.7665885416666667 0.42777777777777776 0.46682291666666664 0.042048611111111175
6 0.47783564814814816 0.46649305555555554 0.054907407407407405 0.03555555555555543
6 0.6127662037037037 0.07168402777777778 0.7679861111111113 0.14336805555555557
6 0.45881944444444445 0.38635416666666667 0.09512731481481485 0.02864583333333339