1 0.5364583333333334 0.7471064814814815 0.14340277777777785 0.12439814814814802
1 0.4953414351851852 0.5245891203703703 0.10376157407407405 0.06464120370370381
4 0.6821180555555555 0.47420138888888885 0.32824074074074083 0.2727777777777778
6 0.4386284722222221 0.5784085648148147 0.03269675925925917 0.08278935185185184
6 0.4911168981481481 0.6218692129629629 0.07037037037037024 0.13152777777777783
6 0.45135995370370374 0.6474131944444445 0.031770833333333394 0.057789351851851835
6 0.48122106481481486 0.46035300925925926 0.05729166666666678 0.0731481481481481
6 0.6984664351851853 0.6408622685185186 0.31689814814814826 0.09284722222222222
6 0.7309895833333334 0.821556712962963 0.24490740740740727 0.29652777777777783
6 0.5589988425925926 0.8907465277777777 0.12164351851851851 0.16849537037037052
6 0.7189525462962962 0.20067708333333334 0.21400462962962957 0.3042824074074074
6 0.5647858796296296 0.3072974537037037 0.10046296296296298 0.10189814814814815
6 0.48888888888888893 0.39263888888888887 0.04918981481481488 0.06493055555555553
6 0.5783564814814814 0.22988425925925923 0.08350694444444447 0.06515046296296294