4 0.49375 0.6734375 0.10078125 0.15
5 0.28203125 0.5546875 0.04609375 0.05234375
5 0.4171875 0.52578125 0.05859375 0.03203125
5 0.39921875 0.58671875 0.065625 0.04140625
5 0.6671875 0.5171875 0.040625 0.02578125
5 0.72890625 0.56015625 0.05234375 0.04296875
5 0.5484375 0.5046875 0.04609375 0.028125
5 0.57109375 0.5375 0.065625 0.03515625
6 0.2234375 0.846875 0.440625 0.30546875
6 0.7734375 0.8265625 0.453125 0.33359375
6 0.50078125 0.8703125 0.134375 0.2546875
6 0.721875 0.621875 0.36015625 0.059375
6 0.28828125 0.6546875 0.30546875 0.0765625
6 0.1046875 0.65859375 0.0703125 0.05078125