0 0.4960474537037037 0.28821180555555553 0.1003703703703703 0.05444444444444443
3 0.4967939814814815 0.3889930555555556 0.11608796296296298 0.06763888888888889
0 0.4998611111111112 0.48654513888888895 0.08156250000000007 0.045798611111111144
4 0.7005613425925926 0.46668402777777784 0.1506712962962963 0.09729166666666664
2 0.43642361111111116 0.46826388888888887 0.025127314814814738 0.018298611111111106
6 0.813671875 0.21027777777777779 0.37265625 0.42055555555555557
6 0.8114091435185186 0.6273090277777778 0.3771817129629628 0.24506944444444442
6 0.8495312500000001 0.8484722222222223 0.2875810185185184 0.23458333333333314
6 0.6757060185185185 0.8038368055555555 0.07422453703703695 0.109513888888889
6 0.5967361111111111 0.37673611111111105 0.06568287037037024 0.6433333333333333
6 0.5322685185185185 0.2193923611111111 0.0568518518518518 0.08375000000000003
6 0.5120312499999999 0.3359548611111111 0.10025462962962965 0.03881944444444443
6 0.49955439814814817 0.4451388888888889 0.1362268518518519 0.0451041666666665
6 0.5402430555555556 0.5574305555555555 0.045960648148148306 0.08951388888888889
6 0.8907378472222222 0.4597048611111111 0.21852430555555563 0.10361111111111114