4 0.5922280092592592 0.4766840277777778 0.1581134259259258 0.12249999999999997
1 0.422974537037037 0.49359374999999994 0.030567129629629618 0.031006944444444427
6 0.8018981481481482 0.6621527777777778 0.33585648148148123 0.2755208333333334
6 0.8106770833333332 0.2665625 0.2994791666666664 0.533125
6 0.5901273148148147 0.32657986111111115 0.18046296296296305 0.19215277777777776
6 0.6105902777777777 0.17234375 0.11289351851851848 0.12361111111111112
6 0.6322337962962964 0.057951388888888886 0.07824074074074083 0.11270833333333333
6 0.5889004629629631 0.6019965277777778 0.09148148148148146 0.13826388888888896
6 0.8629745370370371 0.8753472222222222 0.21125000000000008 0.17791666666666686
6 0.7196064814814814 0.8418229166666666 0.08076388888888886 0.09253472222222214
6 0.6114641203703703 0.7034722222222222 0.055347222222222214 0.07736111111111121
6 0.5121469907407408 0.5725520833333333 0.04891203703703706 0.07083333333333339
6 0.47762152777777783 0.5161979166666667 0.060671296296296265 0.046388888888888855
6 0.4754108796296296 0.3887847222222222 0.06318287037037038 0.18381944444444445
6 0.4330266203703704 0.43682291666666667 0.043032407407407366 0.08305555555555558
6 0.43223958333333334 0.5158680555555556 0.03805555555555564 0.020416666666666573
6 0.4724363425925926 0.5524131944444444 0.030613425925925954 0.03256944444444443