4 0.47722800925925923 0.6058854166666666 0.10972222222222214 0.18499999999999997
1 0.43987268518518513 0.45145833333333335 0.02442129629629619 0.028125
0 0.5078993055555555 0.45442708333333337 0.026215277777777858 0.034479166666666575
6 0.487962962962963 0.7661458333333333 0.975925925925926 0.23229166666666662
6 0.6452546296296295 0.594375 0.23842592592592596 0.20916666666666667
6 0.3946180555555555 0.5737500000000001 0.07361111111111107 0.21999999999999992
6 0.296556712962963 0.5993229166666667 0.13003472222222223 0.1442708333333334
6 0.19343171296296297 0.61359375 0.08148148148148149 0.09583333333333321
6 0.8445023148148149 0.6280208333333334 0.17141203703703703 0.16729166666666676
6 0.557349537037037 0.4726041666666666 0.07135416666666661 0.0328125
6 0.4805266203703704 0.4956770833333334 0.10474537037037024 0.05062500000000014
6 0.47502893518518513 0.45380208333333333 0.04207175925925917 0.041770833333333354
6 0.3984953703703703 0.44791666666666663 0.05740740740740744 0.03500000000000014
6 0.9528935185185186 0.6407291666666667 0.05219907407407405 0.146875
6 0.3443576388888889 0.4294270833333334 0.046064814814814795 0.023333333333333428
6 0.6151041666666666 0.47802083333333334 0.047800925925925955 0.028125
6 0.7893518518518519 0.5311458333333333 0.054166666666666606 0.03166666666666664