1 0.505613425925926 0.19375 0.14600694444444445 0.12645833333333334
1 0.5517129629629629 0.41578125000000005 0.10508101851851848 0.06614583333333321
4 0.36583912037037036 0.4689583333333333 0.33393518518518517 0.2775
6 0.6072974537037037 0.36109375000000005 0.034502314814814736 0.08322916666666665
6 0.5537847222222222 0.31838541666666664 0.0732175925925926 0.13249999999999992
6 0.5930208333333333 0.29223958333333333 0.0330208333333335 0.058229166666666644
6 0.5672743055555556 0.47984375 0.058854166666666784 0.07395833333333321
6 0.34577546296296297 0.30244791666666665 0.3185995370370371 0.09749999999999996
6 0.30920717592592595 0.13606770833333331 0.25122685185185184 0.27213541666666663
6 0.47986111111111107 0.067734375 0.12525462962962947 0.13546875
6 0.3350289351851852 0.7431770833333333 0.2205324074074074 0.3072916666666668
6 0.4870081018518519 0.6342187499999999 0.10261574074074069 0.1033333333333335
6 0.561099537037037 0.5477083333333334 0.050578703703703806 0.065625
6 0.4751388888888889 0.711875 0.08486111111111114 0.06635416666666671