4 0.3240914351851852 0.49788194444444445 0.2223842592592593 0.1172569444444445
6 0.4892708333333333 0.4634317129629629 0.059236111111111 0.10391203703703696
6 0.125 0.430318287037037 0.25 0.860636574074074
6 0.30050347222222223 0.31635995370370373 0.1441319444444445 0.2456712962962963
6 0.4108564814814815 0.3904398148148148 0.12099537037037038 0.0923379629629629
6 0.3131539351851852 0.6034201388888889 0.2147453703703704 0.09372685185185184
6 0.2627025462962963 0.6908101851851851 0.13450231481481484 0.08317129629629641
6 0.2422685185185185 0.7590219907407407 0.06858796296296302 0.05097222222222229
6 0.4591550925925926 0.49744212962962964 0.045914351851851797 0.11620370370370363
6 0.4800173611111111 0.39565972222222223 0.02703703703703706 0.03474537037037031
6 0.4016087962962963 0.30939814814814814 0.06805555555555554 0.09467592592592596
6 0.44764467592592594 0.3360358796296296 0.0163657407407408 0.012731481481481488
6 0.29207175925925927 0.1556886574074074 0.10224537037037038 0.09206018518518518
6 0.27445601851851853 0.08413773148148149 0.06114583333333332 0.05710648148148147