4 0.50234375 0.58046875 0.09921875 0.1859375
6 0.50625 0.428125 0.15078125 0.0296875
6 0.40625 0.428125 0.0484375 0.0296875
6 0.47890625 0.45390625 0.30234375 0.03203125
6 0.309375 0.45859375 0.040625 0.0203125
6 0.48359375 0.4859375 0.5109375 0.01640625
6 0.3140625 0.6609375 0.27109375 0.3140625
6 0.09296875 0.70625 0.17578125 0.23984375
6 0.13359375 0.559375 0.08671875 0.0453125
6 0.7765625 0.69296875 0.4421875 0.28125
6 0.7046875 0.51875 0.284375 0.05078125
6 0.50703125 0.74765625 0.09921875 0.13671875