4 0.659525462962963 0.48312499999999997 0.2891203703703704 0.1390625
0 0.34474537037037034 0.4495486111111111 0.025740740740740797 0.013055555555555643
0 0.3569560185185185 0.4804861111111111 0.02914351851851853 0.017812499999999964
0 0.36953125 0.5184374999999999 0.03704861111111111 0.019548611111111214
6 0.45234953703703706 0.3980034722222222 0.12396990740740747 0.38038194444444445
6 0.8731597222222222 0.20703125 0.25055555555555564 0.4140625
6 0.87078125 0.6968923611111111 0.19427083333333356 0.5660763888888889
6 0.6526215277777778 0.6127951388888888 0.305474537037037 0.12538194444444456
6 0.7000347222222223 0.7474999999999999 0.1758912037037037 0.15059027777777773
6 0.7297164351851851 0.8654340277777777 0.09543981481481474 0.08326388888888872
6 0.5780844907407408 0.7119791666666667 0.08541666666666678 0.07211805555555557
6 0.4687094907407408 0.6090798611111111 0.0608680555555555 0.05284722222222236
6 0.6209085648148148 0.10306423611111111 0.27224537037037033 0.20612847222222222
6 0.6369907407407407 0.3104166666666667 0.27178240740740733 0.21513888888888885
6 0.46008101851851857 0.16220486111111113 0.06373842592592602 0.10128472222222222
6 0.38837962962962963 0.3978645833333333 0.05538194444444446 0.11826388888888886
6 0.3857696759259259 0.48140625000000004 0.024745370370370345 0.04892361111111114
6 0.3940625 0.32829861111111114 0.03291666666666675 0.028819444444444463