4 0.5730208333333333 0.5327372685185185 0.15712962962962962 0.06863425925925917
3 0.439224537037037 0.45846064814814813 0.02557870370370381 0.0405439814814816
6 0.8633217592592592 0.5242621527777778 0.2733564814814816 0.9514756944444445
6 0.6206481481481482 0.7762355324074074 0.2195601851851851 0.4475289351851853
6 0.6511747685185185 0.38125578703703705 0.16298611111111114 0.2531944444444445
6 0.6901736111111111 0.537337962962963 0.06337962962962962 0.0630787037037038
6 0.525318287037037 0.421412037037037 0.08347222222222221 0.1548148148148149
6 0.46040509259259255 0.518258101851852 0.06195601851851862 0.07236111111111114
6 0.4735590277777778 0.6158275462962963 0.07825231481481473 0.1185995370370371
6 0.4525462962962963 0.4092939814814815 0.0631018518518518 0.044328703703703634
6 0.472037037037037 0.4604050925925926 0.03518518518518512 0.05672453703703706