4 0.44354745370370374 0.4902256944444444 0.12895833333333329 0.11534722222222235
0 0.5802719907407408 0.5934548611111111 0.03773148148148149 0.03208333333333328
3 0.5782233796296297 0.5278645833333333 0.03152777777777782 0.03819444444444446
0 0.5872048611111111 0.47453125000000007 0.03458333333333332 0.028888888888888787
6 0.5389930555555555 0.506076388888889 0.046817129629629764 0.20413194444444435
6 0.5977141203703704 0.6274479166666667 0.02061342592592581 0.04107638888888889
6 0.2674768518518519 0.4584027777777778 0.21930555555555556 0.9168055555555557
6 0.4408391203703704 0.33557291666666667 0.1451620370370371 0.1938194444444445
6 0.40759837962962964 0.17300347222222223 0.08530092592592595 0.126875
6 0.5356828703703703 0.3756597222222222 0.040972222222222146 0.04777777777777779
6 0.43682291666666667 0.6372743055555555 0.11225694444444442 0.18059027777777778
6 0.5036979166666666 0.5935937499999999 0.056956018518518545 0.09656249999999993
6 0.4026099537037037 0.7653993055555555 0.055312499999999966 0.08559027777777786
6 0.5800462962962963 0.5629861111111112 0.02833333333333332 0.028750000000000143