4 0.49921875 0.56875 0.08359375 0.1328125
1 0.475 0.42734375 0.0265625 0.0390625
1 0.66875 0.38828125 0.028125 0.0234375
3 0.86953125 0.45859375 0.0265625 0.03671875
6 0.86171875 0.4109375 0.05703125 0.028125
6 0.8140625 0.43359375 0.0703125 0.05625
6 0.90625 0.459375 0.0375 0.03359375
6 0.89296875 0.4296875 0.01015625 0.0125
6 0.74609375 0.41484375 0.059375 0.0359375
6 0.7 0.39453125 0.03203125 0.04453125
6 0.22890625 0.6515625 0.45390625 0.33515625
6 0.55703125 0.7296875 0.20234375 0.171875
6 0.69296875 0.78046875 0.065625 0.08359375
6 0.56953125 0.5828125 0.0578125 0.12890625
6 0.309375 0.47265625 0.465625 0.0359375
6 0.3640625 0.43984375 0.1890625 0.03203125
6 0.5109375 0.43125 0.03203125 0.0359375
6 0.515625 0.36640625 0.0703125 0.053125
6 0.4171875 0.41171875 0.0828125 0.02578125
6 0.45390625 0.38203125 0.0484375 0.03515625
6 0.571875 0.35859375 0.03984375 0.03828125
6 0.6234375 0.36953125 0.0546875 0.03515625