0 0.70546875 0.52265625 0.06015625 0.09375
0 0.5234375 0.51015625 0.04375 0.0640625
6 0.61328125 0.85703125 0.7703125 0.2859375
6 0.178125 0.90703125 0.103125 0.17109375
6 0.65546875 0.621875 0.21171875 0.11796875
6 0.8328125 0.65234375 0.13515625 0.10859375
6 0.54453125 0.40546875 0.04296875 0.0546875
6 0.5546875 0.45234375 0.08046875 0.04453125
6 0.61171875 0.53515625 0.12109375 0.0859375
6 0.3859375 0.65859375 0.128125 0.13203125
6 0.453125 0.56875 0.065625 0.06640625
6 0.48671875 0.51328125 0.02578125 0.04765625