0 0.7209548611111112 0.52265625 0.062152777777777855 0.09375
0 0.5385532407407407 0.51015625 0.045648148148148236 0.0640625
6 0.6246412037037037 0.85703125 0.7507175925925926 0.2859375
6 0.205 0.90703125 0.10821759259259256 0.171875
6 0.6738946759259259 0.621875 0.21601851851851847 0.11875
6 0.8521412037037036 0.65234375 0.13761574074074084 0.109375
6 0.5565451388888889 0.40546875 0.04537037037037024 0.0546875
6 0.5680902777777778 0.45234375 0.08254629629629626 0.04375
6 0.6275752314814815 0.53515625 0.1244212962962962 0.0859375
6 0.4054513888888889 0.65859375 0.13201388888888896 0.13125
6 0.46997685185185184 0.56875 0.06756944444444439 0.065625
6 0.5019270833333334 0.51328125 0.026388888888888927 0.046875