4 0.46619212962962964 0.6872974537037038 0.14377314814814818 0.2678587962962963
3 0.43561342592592595 0.20311921296296295 0.03495370370370363 0.06342592592592596
3 0.36124421296296294 0.23417824074074076 0.051863425925925986 0.059247685185185264
3 0.26789351851851856 0.26969907407407406 0.050023148148148164 0.05451388888888893
6 0.47404513888888894 0.8836921296296296 0.9480902777777779 0.23261574074074076
6 0.38846643518518514 0.5117881944444445 0.07770833333333335 0.521701388888889
6 0.17956018518518518 0.6785416666666666 0.35912037037037037 0.21166666666666673
6 0.2235821759259259 0.5041956018518519 0.2965509259259259 0.10861111111111121
6 0.29055555555555557 0.36105324074074074 0.1708333333333334 0.14543981481481474
6 0.26391782407407405 0.1130613425925926 0.16534722222222217 0.210787037037037
6 0.3785127314814815 0.15333912037037037 0.08479166666666664 0.11481481481481479
6 0.7474247685185185 0.613454861111111 0.4468171296296298 0.3017939814814813
6 0.4870081018518519 0.3755092592592592 0.14034722222222235 0.2100462962962963
6 0.6098784722222221 0.40774305555555557 0.134976851851852 0.1194212962962963
6 0.5766435185185186 0.3237210648148148 0.04946759259259252 0.04513888888888893
6 0.7180034722222223 0.4255960648148148 0.102986111111111 0.10599537037037035