4 0.7071875000000001 0.46634259259259264 0.15666666666666665 0.10888888888888885
5 0.6025520833333333 0.6850983796296296 0.05625 0.050023148148148164
5 0.5646354166666667 0.5516550925925927 0.035208333333333286 0.06122685185185191
5 0.6267708333333333 0.5660127314814816 0.04499999999999993 0.06803240740740754
5 0.5393749999999999 0.30216435185185186 0.027708333333333356 0.04210648148148151
5 0.5782291666666667 0.23789930555555555 0.04729166666666664 0.05571759259259261
5 0.5347916666666667 0.4216550925925926 0.03125 0.04854166666666657
5 0.56609375 0.39705439814814814 0.03874999999999993 0.06766203703703706
6 0.8654166666666667 0.7263773148148148 0.26916666666666667 0.458773148148148
6 0.8296875 0.20702546296296295 0.340625 0.4140509259259259
6 0.8858854166666668 0.44764467592592594 0.22822916666666657 0.1494675925925925
6 0.6404166666666666 0.24127314814814813 0.08333333333333322 0.3628935185185185
6 0.7021354166666667 0.6729224537037037 0.09697916666666657 0.3107870370370371
6 0.71828125 0.8562847222222223 0.0546875 0.07327546296296283