0 0.33381944444444445 0.40002314814814816 0.016527777777777787 0.020775462962962975
2 0.3089236111111111 0.4031076388888889 0.01694444444444443 0.030150462962962976
4 0.5282291666666666 0.5499363425925926 0.16388888888888892 0.17650462962962976
6 0.24855902777777777 0.43540509259259264 0.10159722222222226 0.03890046296296301
6 0.35354166666666664 0.6325578703703704 0.2328819444444445 0.35956018518518534
6 0.14289930555555555 0.7334548611111111 0.22312500000000002 0.17513888888888882
6 0.19671875 0.6066956018518519 0.09722222222222224 0.08090277777777785
6 0.22678819444444445 0.5440046296296297 0.03590277777777775 0.035393518518518616
6 0.12618055555555557 0.6213020833333334 0.05222222222222221 0.05148148148148159
6 0.7329947916666667 0.7185706018518518 0.5340104166666666 0.17916666666666678
6 0.6977083333333333 0.5261400462962963 0.1892708333333335 0.22094907407407405
6 0.8957638888888889 0.5792881944444445 0.20847222222222223 0.12252314814814813
6 0.8658854166666667 0.49064814814814817 0.14354166666666685 0.06979166666666678
6 0.40012152777777776 0.43091435185185184 0.19677083333333326 0.03859953703703702
6 0.5536979166666667 0.43653356481481487 0.1082638888888889 0.04846064814814817