4 0.45427083333333335 0.6735763888888889 0.11437500000000007 0.21784722222222222
1 0.755 0.5988888888888889 0.15541666666666654 0.225
6 0.44343750000000004 0.4370486111111111 0.05875000000000004 0.03874999999999993
6 0.4973437499999999 0.4734548611111111 0.2846875000000001 0.0578125
6 0.5308333333333334 0.4405555555555556 0.10208333333333322 0.033472222222222216
6 0.19921875 0.8104166666666668 0.3984375 0.378402777777778
6 0.6612500000000001 0.8908333333333334 0.5745833333333333 0.21833333333333335
6 0.7264583333333333 0.7570833333333333 0.4529166666666667 0.07715277777777771
6 0.8944791666666667 0.6309375 0.1430208333333333 0.20288194444444443
6 0.5971875000000001 0.6188541666666667 0.18354166666666671 0.22562499999999996
6 0.6619791666666666 0.4802430555555556 0.05812500000000007 0.052777777777777854
6 0.26234375 0.5832465277777777 0.2966666666666667 0.09708333333333333
6 0.4614583333333334 0.5305555555555556 0.11656249999999986 0.06343750000000004
6 0.3275520833333333 0.5205381944444445 0.15666666666666665 0.05652777777777782
6 0.33791666666666664 0.48243055555555553 0.04281249999999996 0.03371527777777779