4 0.4492997685185186 0.5178819444444445 0.19186342592592603 0.10688657407407405
6 0.6018749999999999 0.5274305555555555 0.038576388888888855 0.15109953703703702
6 0.595949074074074 0.42743055555555554 0.03255787037037035 0.049537037037037025
6 0.5744733796296296 0.4991319444444445 0.04921296296296305 0.3042824074074074
6 0.5597395833333334 0.3294270833333333 0.022719907407407546 0.04137731481481488
6 0.5427199074074075 0.502633101851852 0.045902777777777716 0.5115162037037038
6 0.35767361111111107 0.32662037037037034 0.33017361111111115 0.28350694444444446
6 0.2992592592592592 0.10384837962962963 0.25099537037037034 0.183912037037037
6 0.44854166666666667 0.14991319444444445 0.05049768518518523 0.08917824074074074
6 0.3530497685185185 0.7808159722222222 0.3074537037037037 0.4383680555555555
6 0.5230092592592592 0.7225115740740741 0.06685185185185176 0.2862268518518519
6 0.2823900462962963 0.5163773148148147 0.14342592592592585 0.10509259259259256