4 0.53734375 0.5385937500000001 0.1291666666666668 0.16416666666666657
6 0.4326041666666667 0.4153124999999999 0.050104166666666575 0.028229166666666573
6 0.5257291666666667 0.43499999999999994 0.17489583333333342 0.03343750000000014
6 0.49541666666666667 0.41583333333333333 0.06979166666666661 0.02020833333333343
6 0.5430208333333333 0.44718749999999996 0.23645833333333321 0.046875
6 0.7048958333333333 0.6153125 0.21208333333333335 0.33458333333333334
6 0.8965624999999999 0.6408333333333334 0.20687500000000014 0.23812499999999998
6 0.8357812500000001 0.5069270833333334 0.08645833333333357 0.06020833333333329
6 0.9216145833333332 0.51140625 0.08562500000000028 0.04770833333333328
6 0.38916666666666666 0.7525000000000001 0.45562500000000006 0.11437500000000007
6 0.40270833333333333 0.673125 0.41416666666666657 0.09916666666666671
6 0.4406770833333334 0.5481770833333334 0.08166666666666664 0.15166666666666656
6 0.35770833333333335 0.6102083333333332 0.10583333333333336 0.04750000000000014
6 0.37859375 0.5703645833333333 0.055625000000000036 0.04104166666666664
6 0.39026041666666667 0.5334895833333333 0.033645833333333285 0.03802083333333339