4 0.57421875 0.5057291666666666 0.15625 0.10034722222222214
0 0.37890625 0.5013888888888889 0.01875 0.011354166666666643
6 0.37734375 0.4443229166666667 0.0375 0.03208333333333328
6 0.4421875 0.5957638888888889 0.096875 0.30371527777777774
6 0.6765625 0.7757638888888889 0.371875 0.44847222222222227
6 0.46328125 0.8477951388888888 0.0734375 0.1969444444444445
6 0.73515625 0.24055555555555558 0.25 0.43993055555555555
6 0.75859375 0.5113888888888889 0.20625 0.12020833333333343
6 0.54765625 0.3527951388888889 0.103125 0.2085416666666667
6 0.46640625 0.4103645833333333 0.0578125 0.08097222222222218
6 0.578125 0.21284722222222224 0.071875 0.08440972222222225
6 0.3796875 0.47640625 0.0296875 0.031909722222222214