4 0.5494328703703704 0.706105324074074 0.14377314814814818 0.2650115740740741
3 0.4612615740740741 0.21972800925925923 0.03495370370370363 0.06273148148148149
3 0.390318287037037 0.2480960648148148 0.051863425925925896 0.05817129629629632
3 0.3008564814814815 0.28023148148148147 0.050023148148148164 0.053472222222222233
6 0.523611111111111 0.8984375 0.9527777777777778 0.203125
6 0.45059606481481485 0.5273263888888888 0.07770833333333335 0.5206597222222223
6 0.2374305555555556 0.6858333333333333 0.4056018518518519 0.2029166666666667
6 0.2842303240740741 0.513599537037037 0.2965509259259259 0.10215277777777772
6 0.33444444444444443 0.3726273148148148 0.1708333333333334 0.14182870370370376
6 0.27826967592592594 0.12310185185185185 0.16534722222222217 0.20738425925925927
6 0.3980497685185186 0.1677199074074074 0.08479166666666664 0.11307870370370372
6 0.7997395833333334 0.6425347222222222 0.4005208333333332 0.2922453703703704
6 0.5333043981481481 0.3944039351851852 0.14034722222222235 0.20719907407407412
6 0.6604340277777778 0.43126736111111114 0.134976851851852 0.11657407407407412
6 0.6171064814814814 0.3458275462962963 0.04946759259259252 0.04409722222222223
6 0.7710590277777778 0.4531712962962963 0.102986111111111 0.10384259259259246