4 0.4412037037037037 0.5097222222222222 0.1459837962962963 0.09385416666666657
6 0.570162037037037 0.4141666666666667 0.009791666666666643 0.05645833333333332
6 0.5527083333333334 0.48329861111111116 0.021238425925925952 0.1254513888888889
6 0.5304918981481481 0.5421701388888889 0.039247685185185156 0.2367708333333333
6 0.4310821759259259 0.4087326388888889 0.16012731481481488 0.10510416666666664
6 0.4069328703703704 0.31211805555555555 0.15688657407407405 0.08940972222222224
6 0.37669560185185186 0.2372395833333333 0.15192129629629622 0.05180555555555557
6 0.3724016203703704 0.18480902777777777 0.0972453703703704 0.052152777777777805
6 0.3631423611111111 0.09477430555555555 0.02584490740740737 0.11461805555555556
6 0.42820023148148145 0.6523784722222222 0.15458333333333343 0.20027777777777764
6 0.27125 0.554375 0.1865277777777778 0.7165277777777778
6 0.4020081018518519 0.8072395833333333 0.06504629629629637 0.134236111111111
6 0.5198032407407408 0.6809722222222222 0.03168981481481481 0.06006944444444429