4 0.71390625 0.5469270833333333 0.2822916666666668 0.12770833333333337
1 0.5084895833333333 0.7206770833333334 0.03270833333333343 0.023958333333333214
6 0.5046875 0.7686458333333334 0.019583333333333286 0.060416666666666605
6 0.5211458333333333 0.7588541666666666 0.021875 0.04812499999999993
6 0.5157812500000001 0.6900520833333333 0.013437499999999858 0.03822916666666672
6 0.5513020833333334 0.6511979166666666 0.050833333333333286 0.2491666666666667
6 0.5166666666666666 0.6333333333333334 0.029583333333333427 0.07041666666666657
6 0.785546875 0.7190104166666667 0.42890625 0.2652083333333334
6 0.884453125 0.9176302083333333 0.23109375000000015 0.16473958333333344
6 0.7409895833333333 0.9065104166666667 0.05687500000000014 0.153125
6 0.6855208333333334 0.8678125000000001 0.048958333333333215 0.08104166666666686
6 0.6380208333333333 0.8436458333333334 0.03416666666666668 0.04583333333333357
6 0.90796875 0.33786458333333336 0.18406249999999993 0.5576041666666667
6 0.7715104166666666 0.2793229166666667 0.1314583333333335 0.43187500000000006
6 0.6599999999999999 0.4383333333333333 0.14645833333333336 0.096875
6 0.6684895833333334 0.34401041666666665 0.12822916666666656 0.10343749999999999
6 0.66796875 0.2661979166666667 0.08520833333333329 0.06479166666666672
6 0.6811979166666666 0.19630208333333332 0.0484375 0.07322916666666668
6 0.5543750000000001 0.4989583333333333 0.019895833333333356 0.041770833333333354