0 0.49331597222222223 0.5718171296296296 0.04490740740740744 0.03254629629629626
0 0.4857060185185185 0.6824074074074075 0.05896990740740744 0.0329629629629629
3 0.4827835648148149 0.6245717592592592 0.07795138888888893 0.03976851851851855
4 0.6639467592592594 0.5222453703703703 0.18761574074074083 0.09296296296296305
6 0.5209780092592593 0.4969386574074074 0.11533564814814809 0.12203703703703717
6 0.8570023148148149 0.507193287037037 0.28599537037037026 0.6802083333333334
6 0.6302083333333334 0.7832002314814815 0.2179976851851851 0.43359953703703696
6 0.6677372685185186 0.3717418981481481 0.1359953703703704 0.2162962962962963
6 0.43897569444444445 0.43207754629629636 0.04178240740740744 0.032453703703703596
6 0.44299768518518523 0.47745949074074073 0.04236111111111107 0.048078703703703776
6 0.4521412037037037 0.534699074074074 0.029745370370370415 0.04458333333333329
6 0.5541377314814815 0.4019328703703703 0.08055555555555553 0.06793981481481488