4 0.536701388888889 0.5892534722222222 0.13446759259259267 0.21340277777777777
0 0.4580844907407407 0.4100694444444445 0.026851851851851904 0.031435185185185156
0 0.4141956018518519 0.40804976851851854 0.028969907407407368 0.04082175925925924
0 0.3634143518518519 0.40842592592592597 0.02712962962962955 0.036122685185185154
0 0.31277199074074075 0.4111458333333333 0.036226851851851816 0.03150462962962965
6 0.3783854166666667 0.38408564814814816 0.05773148148148142 0.025416666666666643
6 0.3621006944444444 0.4522048611111112 0.3784259259259259 0.060590277777777854
6 0.25763888888888886 0.6546296296296296 0.45731481481481484 0.33761574074074086
6 0.7992303240740741 0.691880787037037 0.40153935185185186 0.2375694444444445
6 0.5398495370370371 0.7478935185185185 0.1352546296296296 0.12126157407407412
6 0.6738946759259259 0.5171122685185185 0.1694328703703704 0.09184027777777785
6 0.5860474537037037 0.45914351851851853 0.07409722222222222 0.03803240740740747
6 0.7284201388888889 0.5667303240740741 0.27109953703703693 0.12070601851851848