2 0.57203125 0.6581076388888889 0.02199074074074083 0.015787037037037165
4 0.4474363425925926 0.5009432870370369 0.14155092592592594 0.12604166666666677
6 0.5551562499999999 0.8056307870370372 0.06841435185185177 0.16612268518518505
6 0.5276273148148147 0.6749652777777777 0.05849537037037038 0.09261574074074072
6 0.5653645833333333 0.7072743055555556 0.015879629629629653 0.034490740740740836
6 0.31829861111111113 0.7841550925925926 0.3250694444444445 0.43168981481481483
6 0.5054456018518518 0.8443229166666667 0.05341435185185191 0.25038194444444456
6 0.5114293981481481 0.597505787037037 0.06607638888888889 0.061423611111111144
6 0.25208912037037035 0.3893460648148149 0.17770833333333336 0.3669212962962963
6 0.3825462962962963 0.38875000000000004 0.08194444444444446 0.0943518518518518
6 0.4538136574074073 0.41271412037037036 0.05815972222222214 0.04730324074074073
6 0.36627314814814815 0.3011342592592593 0.04282407407407405 0.08625000000000008
6 0.23233217592592595 0.14780671296296297 0.1133912037037037 0.12114583333333333
6 0.3099652777777778 0.18744212962962964 0.04561342592592599 0.04096064814814815