4 0.5160763888888888 0.6382638888888889 0.11097222222222225 0.21564814814814817
0 0.4881423611111111 0.43661458333333336 0.022569444444444465 0.031898148148148134
0 0.45928819444444446 0.4398148148148149 0.019444444444444466 0.03180555555555564
2 0.4279340277777777 0.43605324074074076 0.009965277777777715 0.02684027777777782
6 0.41928819444444443 0.8561168981481482 0.8058333333333334 0.28620370370370374
6 0.3784722222222222 0.637650462962963 0.1624305555555555 0.21248842592592593
6 0.2405902777777778 0.6597164351851852 0.11184027777777779 0.11417824074074083
6 0.15531250000000002 0.6919502314814815 0.06375000000000001 0.058101851851851904
6 0.09715277777777778 0.7132175925925927 0.033506944444444464 0.032222222222222284
6 0.11598958333333334 0.716568287037037 0.01597222222222223 0.016087962962962978
6 0.4443402777777778 0.5059259259259259 0.1917361111111111 0.055648148148148203
6 0.9107118055555556 0.9157060185185184 0.17857638888888872 0.10233796296296305
6 0.87921875 0.8323263888888889 0.11395833333333343 0.0689583333333335
6 0.8481944444444445 0.7730497685185185 0.057083333333333285 0.03916666666666657
6 0.6672222222222223 0.6853819444444444 0.19180555555555542 0.0587731481481482
6 0.6378125000000001 0.6284027777777779 0.13874999999999993 0.06032407407407412
6 0.6148784722222222 0.581394675925926 0.09152777777777779 0.04331018518518519
6 0.5928125 0.5382696759259259 0.04770833333333328 0.03888888888888893
6 0.5592361111111112 0.5048668981481482 0.03534722222222229 0.04476851851851862
6 0.4637326388888889 0.46391782407407406 0.1285763888888889 0.0241087962962963
6 0.4337326388888889 0.4155555555555555 0.04871527777777782 0.013935185185185262