3 0.5698090277777779 0.6280381944444444 0.0627083333333335 0.07763888888888885
1 0.4892013888888889 0.5862499999999999 0.04600694444444446 0.01763888888888889
4 0.6823784722222223 0.5293402777777778 0.20489583333333333 0.08395833333333336
6 0.8971875 0.5412152777777778 0.20562499999999986 0.5627083333333334
6 0.6944791666666668 0.7138888888888888 0.2375 0.29124999999999995
6 0.6931770833333333 0.4214409722222222 0.20270833333333335 0.14000000000000004
6 0.45053819444444443 0.575954861111111 0.040868055555555574 0.04236111111111107
6 0.53234375 0.6973263888888889 0.025 0.07128472222222229
6 0.5115798611111112 0.6511805555555557 0.023541666666666572 0.03847222222222228
6 0.5174826388888889 0.5734722222222223 0.03427083333333343 0.10444444444444442
6 0.4815972222222221 0.5555034722222223 0.023541666666666572 0.03847222222222228
6 0.4757118055555555 0.6160590277777778 0.04499999999999993 0.030069444444444392
6 0.8307118055555556 0.906111111111111 0.33857638888888886 0.187777777777778