4 0.35124999999999995 0.49450810185185184 0.24916666666666662 0.13168981481481482
0 0.5746354166666666 0.4083043981481482 0.09354166666666668 0.045092592592592594
0 0.5533333333333333 0.49933449074074077 0.09375 0.0482175925925926
0 0.5369791666666667 0.6293923611111112 0.09708333333333333 0.05138888888888893
6 0.36640625 0.3347511574074074 0.33062500000000006 0.18284722222222216
6 0.33479166666666665 0.16552083333333334 0.30114583333333333 0.16211805555555553
6 0.5356770833333333 0.5629398148148148 0.12906250000000002 0.0627893518518519
6 0.3527083333333333 0.6923379629629629 0.26083333333333336 0.25986111111111115
6 0.32015625000000003 0.8726851851851851 0.22583333333333339 0.10949074074074047
6 0.10802083333333332 0.4953125 0.21604166666666663 0.990625
6 0.30994791666666666 0.042471064814814816 0.27458333333333335 0.08494212962962963
6 0.5284375 0.4543460648148148 0.09291666666666672 0.03571759259259259