2 0.5250347222222222 0.3759085648148148 0.07252314814814813 0.022939814814814774
2 0.5127546296296297 0.5265740740740741 0.06820601851851862 0.035370370370370455
1 0.48375 0.4503298611111111 0.057361111111111106 0.03833333333333329
4 0.6236979166666666 0.5016435185185185 0.12405092592592588 0.07524305555555558
3 0.6365162037037038 0.30643518518518514 0.18275462962962957 0.15888888888888886
3 0.5904282407407407 0.5957233796296296 0.1811805555555555 0.10576388888888885
6 0.8478472222222223 0.5073090277777778 0.271273148148148 0.61625
6 0.42437500000000006 0.4494502314814815 0.016689814814814952 0.03616898148148149
6 0.6306770833333333 0.4243692129629629 0.1612268518518519 0.06486111111111122
6 0.6135706018518519 0.6851678240740741 0.07988425925925924 0.06053240740740744
6 0.6691203703703704 0.7360127314814815 0.03597222222222225 0.159837962962963
6 0.48272569444444446 0.40576388888888887 0.11333333333333329 0.02979166666666657
6 0.4896238425925926 0.48949652777777775 0.09150462962962962 0.031030092592592595
6 0.6771701388888889 0.17416666666666666 0.1332407407407409 0.06913194444444448