4 0.62796875 0.5288020833333332 0.1716666666666665 0.09921296296296304
0 0.4341666666666667 0.519537037037037 0.051145833333333356 0.019780092592592523
3 0.42979166666666674 0.5616435185185186 0.050104166666666575 0.02751157407407412
0 0.41953125 0.6097164351851851 0.04052083333333343 0.023900462962962978
6 0.5064583333333333 0.6816435185185186 0.14458333333333329 0.5337962962962963
6 0.7498437499999999 0.7835648148148149 0.4288541666666667 0.43287037037037024
6 0.83125 0.2665277777777778 0.3375 0.46127314814814824
6 0.8361979166666668 0.5333275462962963 0.26499999999999985 0.09782407407407412
6 0.60890625 0.3326099537037037 0.13145833333333332 0.29020833333333335
6 0.43578124999999995 0.47179976851851857 0.07302083333333335 0.0676273148148148
6 0.524375 0.38937499999999997 0.06177083333333329 0.06237268518518526
6 0.44651041666666663 0.4284548611111111 0.04885416666666664 0.03211805555555554