4 0.647800925925926 0.4974074074074074 0.17690972222222215 0.09503472222222217
6 0.4462673611111111 0.4137673611111111 0.06446759259259274 0.13793981481481482
6 0.4651041666666666 0.3269328703703704 0.041898148148148094 0.034675925925925985
6 0.5705729166666667 0.3261516203703704 0.18993055555555555 0.15136574074074077
6 0.8214988425925925 0.3414756944444444 0.30671296296296297 0.1834722222222222
6 0.81484375 0.1241869212962963 0.365625 0.2483738425925926
6 0.595457175925926 0.18147569444444445 0.06759259259259273 0.13796296296296298
6 0.5369502314814815 0.22174189814814813 0.041145833333333395 0.0565393518518519
6 0.448900462962963 0.5113773148148149 0.04583333333333321 0.05657407407407398
6 0.4615162037037037 0.5925115740740741 0.053125 0.0847453703703703
6 0.45387731481481486 0.5457060185185185 0.025347222222222143 0.009560185185185333
6 0.48813657407407407 0.6961921296296296 0.05393518518518512 0.10662037037037031
6 0.513917824074074 0.8225289351851852 0.08009259259259256 0.1380555555555553
6 0.5452256944444445 0.9472627314814815 0.10046296296296298 0.09759259259259281