4 0.6704687500000001 0.49433449074074076 0.16729166666666656 0.07622685185185177
1 0.5345659722222222 0.6375520833333332 0.04111111111111114 0.02217592592592581
6 0.48272569444444446 0.5902719907407408 0.052465277777777784 0.041006944444444395
6 0.49454861111111115 0.5597106481481482 0.037986111111111144 0.02215277777777782
6 0.5510590277777778 0.5710127314814815 0.08979166666666671 0.10377314814814813
6 0.4835416666666667 0.6269907407407407 0.041180555555555644 0.02530092592592581
6 0.6044965277777777 0.7253298611111111 0.08562499999999992 0.197476851851852
6 0.5361111111111111 0.7070833333333333 0.07124999999999986 0.11300925925925931
6 0.6825347222222222 0.5801967592592593 0.19253472222222215 0.0873495370370371
6 0.82421875 0.8095717592592593 0.3515625 0.36833333333333335
6 0.6325520833333333 0.8978067129629629 0.06715277777777776 0.13953703703703724
6 0.9199305555555555 0.43226851851851855 0.16013888888888914 0.38560185185185175
6 0.8004166666666667 0.46993055555555563 0.08194444444444464 0.31305555555555564
6 0.55359375 0.5092650462962963 0.04732638888888889 0.020659722222222142
6 0.7140625 0.4166550925925926 0.09701388888888882 0.07726851851851854
6 0.6396006944444445 0.4414293981481482 0.05222222222222221 0.030069444444444392