4 0.5062094907407408 0.5662847222222223 0.09298611111111121 0.1613888888888889
0 0.5500694444444445 0.4144791666666666 0.03180555555555564 0.03819444444444446
0 0.7509664351851851 0.4178298611111111 0.044351851851851976 0.041597222222222285
1 0.6163483796296296 0.40440972222222216 0.02693287037037031 0.025590277777777715
6 0.51859375 0.45269097222222215 0.025833333333333285 0.056805555555555644
6 0.5317303240740741 0.7437673611111111 0.9365393518518518 0.13666666666666671
6 0.7776157407407407 0.56640625 0.4447685185185186 0.25999999999999995
6 0.6791377314814815 0.42255208333333333 0.09138888888888878 0.053576388888888896
6 0.5869039351851851 0.4214756944444444 0.03180555555555564 0.03819444444444429
6 0.6167881944444444 0.4340972222222222 0.025347222222222143 0.023993055555555642
6 0.3609837962962963 0.628125 0.1967939814814815 0.10434027777777785
6 0.5108738425925926 0.6701215277777777 0.09743055555555565 0.03965277777777772
6 0.42366898148148147 0.5337326388888888 0.06839120370370377 0.0827430555555555
6 0.3599421296296296 0.5578125 0.0568518518518518 0.041874999999999926
6 0.4774074074074074 0.4684548611111111 0.053587962962962976 0.03243055555555543
6 0.5475578703703704 0.45595486111111116 0.019212962962962977 0.03166666666666664
6 0.2426736111111111 0.6604513888888889 0.06048611111111111 0.07631944444444443
6 0.2558796296296296 0.602326388888889 0.025185185185185154 0.013055555555555643
6 0.5841550925925926 0.3941840277777778 0.020590277777777822 0.019201388888888893