0 0.31015625 0.49375 0.05 0.1
3 0.4109375 0.49375 0.06328125 0.115625
0 0.50859375 0.49609375 0.0421875 0.08203125
4 0.49765625 0.696875 0.08984375 0.15
2 0.4875 0.4328125 0.0171875 0.025
6 0.22421875 0.81328125 0.4484375 0.37265625
6 0.66328125 0.809375 0.22890625 0.38046875
6 0.8859375 0.84296875 0.221875 0.2859375
6 0.83359375 0.66953125 0.10546875 0.0734375
6 0.403125 0.59375 0.63984375 0.0609375
6 0.24296875 0.53046875 0.08125 0.05546875
6 0.35859375 0.509375 0.034375 0.1
6 0.4671875 0.49609375 0.0390625 0.1359375
6 0.58125 0.5359375 0.08828125 0.0453125
6 0.49921875 0.8890625 0.09453125 0.22109375