4 0.4570659722222222 0.4952314814814815 0.184236111111111 0.10576388888888885
1 0.6111747685185185 0.5359548611111111 0.02795138888888893 0.023831018518518477
0 0.6087094907407408 0.46796296296296297 0.03429398148148142 0.025486111111111143
6 0.29681712962962964 0.49863425925925925 0.22488425925925926 0.9972685185185185
6 0.4698148148148148 0.3277083333333334 0.20745370370370358 0.23412037037037034
6 0.4885821759259259 0.5784317129629629 0.21951388888888895 0.0688194444444445
6 0.46229166666666666 0.67578125 0.14334490740740743 0.1270138888888889
6 0.44726273148148155 0.7784375000000001 0.09525462962962976 0.07946759259259259
6 0.437650462962963 0.12800925925925927 0.1660648148148148 0.1679398148148148
6 0.5909027777777778 0.4181828703703704 0.03229166666666679 0.07072916666666665
6 0.5672685185185186 0.49438078703703703 0.049861111111111 0.10377314814814813
6 0.6090914351851853 0.500798611111111 0.041469907407407545 0.04120370370370381
6 0.6144097222222222 0.5773495370370371 0.03458333333333332 0.05671296296296298
6 0.4257465277777778 0.021999421296296295 0.14652777777777787 0.04399884259259259
6 0.6324942129629629 0.6318171296296297 0.02299768518518519 0.04561342592592599
6 0.5859143518518518 0.36039351851851853 0.027777777777777856 0.04724537037037031
6 0.5340914351851852 0.18522569444444445 0.03127314814814817 0.05354166666666664