1 0.7734375 0.5078125 0.1171875 0.1390625
1 0.54921875 0.475 0.059375 0.1015625
4 0.50859375 0.66328125 0.25546875 0.31796875
6 0.6 0.41640625 0.08203125 0.0296875
6 0.64609375 0.4671875 0.12734375 0.065625
6 0.66953125 0.4265625 0.05703125 0.0296875
6 0.484375 0.46328125 0.0703125 0.0546875
6 0.67578125 0.6734375 0.0765625 0.3140625
6 0.8578125 0.69921875 0.284375 0.234375
6 0.91796875 0.525 0.1625 0.11484375
6 0.2375 0.71015625 0.29375 0.20234375
6 0.3359375 0.55234375 0.09609375 0.096875
6 0.4171875 0.4734375 0.06171875 0.04609375
6 0.259375 0.56875 0.0609375 0.08046875