1 0.3282986111111111 0.5187789351851851 0.29486111111111113 0.11684027777777786
2 0.5727256944444445 0.5345486111111111 0.032222222222222284 0.02418981481481488
2 0.5746875 0.5611689814814815 0.03166666666666664 0.01168981481481488
2 0.5731597222222222 0.596875 0.025694444444444287 0.017476851851851903
6 0.5318402777777778 0.5782407407407407 0.06076388888888893 0.17581018518518512
6 0.11352430555555557 0.6736979166666667 0.18215277777777777 0.6526041666666667
6 0.35463541666666665 0.6733506944444445 0.3311805555555556 0.23321759259259256
6 0.3202777777777778 0.8841435185185185 0.24833333333333335 0.23171296296296298
6 0.4759027777777778 0.8614293981481481 0.07385416666666664 0.1549768518518519
6 0.57328125 0.5120081018518519 0.030520833333333285 0.020949074074074047
6 0.5064236111111111 0.5319733796296295 0.05152777777777793 0.10815972222222214