4 0.5270833333333333 0.6853472222222223 0.1432291666666668 0.2822337962962962
0 0.555960648148148 0.3678587962962963 0.013425925925925952 0.025092592592592576
0 0.5252314814814815 0.3821527777777778 0.01822916666666661 0.028252314814814827
0 0.4875 0.3972800925925926 0.020081018518518512 0.03607638888888891
6 0.6090567129629629 0.47218171296296296 0.38188657407407406 0.10436342592592603
6 0.7986979166666666 0.8801273148148148 0.40260416666666676 0.2281944444444445
6 0.3166377314814815 0.9111863425925926 0.5684606481481481 0.16510416666666644
6 0.3974247685185185 0.6870891203703703 0.12980324074074084 0.29931712962962964
6 0.2635416666666667 0.7435648148148148 0.1530671296296296 0.16827546296296275
6 0.14615162037037038 0.7811631944444445 0.08460648148148149 0.09122685185185198
6 0.2972222222222222 0.6190625000000001 0.07332175925925925 0.08177083333333321
6 0.39840856481481485 0.50265625 0.05370370370370372 0.058194444444444396
6 0.9006221064814814 0.6207407407407407 0.19875578703703703 0.2609837962962963
6 0.6993055555555555 0.65125 0.21898148148148167 0.2609259259259259
6 0.8447627314814815 0.4641840277777778 0.1021412037037038 0.058553240740740795
6 0.6082465277777778 0.40810763888888885 0.1189814814814815 0.04930555555555553
6 0.5247395833333334 0.41107060185185185 0.04924768518518512 0.022233796296296227
6 0.6778356481481481 0.4091550925925926 0.029282407407407264 0.031458333333333324