1 0.6373958333333334 0.6546006944444445 0.2813888888888888 0.22784722222222237
4 0.5962500000000001 0.4804166666666667 0.18136574074074083 0.11729166666666657
2 0.4701215277777778 0.4742881944444445 0.06517361111111111 0.040347222222222354
2 0.45076388888888896 0.3226041666666667 0.06797453703703696 0.029548611111111088
1 0.5116145833333333 0.2377604166666667 0.10396990740740737 0.08576388888888893
6 0.4921180555555555 0.09350694444444443 0.118611111111111 0.18701388888888887
6 0.7861458333333333 0.6057465277777777 0.11462962962962955 0.7088541666666666
6 0.7005092592592593 0.40850694444444446 0.06724537037037023 0.26826388888888886
6 0.5916261574074074 0.3507638888888889 0.1635416666666666 0.14770833333333327
6 0.5887789351851852 0.2546701388888889 0.04192129629629626 0.04555555555555557
6 0.6538252314814815 0.8658680555555556 0.19512731481481485 0.21309027777777773
6 0.534693287037037 0.805451388888889 0.043032407407407366 0.08305555555555558
6 0.4808217592592593 0.545 0.037384259259259166 0.10309027777777775
6 0.4878761574074074 0.6510763888888889 0.0219444444444445 0.10864583333333329
6 0.47869791666666667 0.3941145833333333 0.05480324074074083 0.11166666666666662
6 0.4498495370370371 0.23894097222222221 0.0264930555555555 0.1041666666666667
6 0.4926041666666666 0.3090104166666666 0.024918981481481594 0.05104166666666661