1 0.551417824074074 0.6477083333333333 0.05050925925925931 0.036967592592592524
1 0.39785300925925926 0.4148611111111111 0.12942129629629626 0.09414351851851847
4 0.3277893518518519 0.4880787037037037 0.18557870370370377 0.09081018518518516
6 0.5852951388888888 0.7178819444444444 0.035208333333333286 0.05803240740740741
6 0.2966550925925926 0.7086111111111111 0.5445833333333333 0.0844444444444445
6 0.2607060185185185 0.6041435185185186 0.5053472222222222 0.17608796296296295
6 0.550792824074074 0.6055208333333333 0.061539351851851797 0.04378472222222207
6 0.5351041666666667 0.5492592592592592 0.04481481481481495 0.07414351851851855
6 0.47472222222222216 0.484369212962963 0.10405092592592595 0.06784722222222221
6 0.1212037037037037 0.2703125 0.24236111111111108 0.540625
6 0.27916087962962965 0.2223119212962963 0.1098842592592593 0.4446238425925926
6 0.39781828703703703 0.3069675925925926 0.12533564814814815 0.134525462962963
6 0.3706712962962963 0.1211400462962963 0.08196759259259263 0.2422800925925926
6 0.28087384259259257 0.7516493055555555 0.5191898148148149 0.05658564814814824
6 0.1311747685185185 0.8852893518518519 0.23603009259259258 0.2292592592592591
6 0.3158391203703704 0.7897106481481482 0.13819444444444445 0.05400462962962962
6 0.2929918981481482 0.830769675925926 0.09421296296296297 0.03611111111111107
6 0.27175347222222224 0.8748726851851852 0.04773148148148145 0.060243055555555716