4 0.5444270833333333 0.4654224537037037 0.18379629629629637 0.11993055555555561
1 0.3755613425925926 0.5377372685185186 0.019722222222222197 0.019861111111111107
6 0.38351273148148146 0.5045543981481482 0.04626157407407403 0.05103009259259252
6 0.4138715277777777 0.5198900462962963 0.062361111111111 0.18127314814814816
6 0.6394212962962962 0.7362847222222222 0.3337847222222223 0.45905092592592583
6 0.729369212962963 0.25766782407407407 0.18813657407407405 0.5153356481481481
6 0.5781481481481482 0.31076967592592597 0.1570833333333333 0.2055787037037037
6 0.611736111111111 0.14366319444444445 0.08493055555555565 0.13587962962962963
6 0.4609548611111111 0.36288773148148146 0.07162037037037035 0.11951388888888888
6 0.40869791666666666 0.4243981481481482 0.02581018518518512 0.017106481481481594
6 0.4568634259259259 0.6520833333333333 0.08015046296296298 0.2539814814814815
6 0.4050752314814815 0.6294502314814815 0.03376157407407412 0.050289351851851904
6 0.4609490740740741 0.8286400462962963 0.03988425925925938 0.10828703703703724
6 0.4340277777777778 0.7920717592592592 0.025057870370370418 0.032638888888888926
6 0.4111168981481482 0.6781597222222222 0.021747685185185262 0.05892361111111111