4 0.6843229166666667 0.5438541666666666 0.24900462962962955 0.08833333333333329
0 0.4690451388888889 0.5411979166666667 0.02518518518518533 0.007916666666666572
0 0.46723379629629636 0.5590104166666666 0.01912037037037031 0.013749999999999929
6 0.4527662037037038 0.4917708333333334 0.033368055555555644 0.020937500000000143
6 0.46292824074074074 0.5189583333333333 0.044629629629629616 0.03260416666666668
6 0.5271180555555556 0.5801562499999999 0.080949074074074 0.10052083333333321
6 0.5301331018518518 0.4977083333333333 0.03650462962962955 0.07416666666666671
6 0.816244212962963 0.38546875 0.367511574074074 0.28739583333333335
6 0.6017650462962962 0.4416666666666667 0.07704861111111114 0.12677083333333333
6 0.8828125 0.16411458333333334 0.2243055555555557 0.2020833333333333
6 0.7366145833333333 0.20348958333333336 0.07759259259259252 0.09250000000000007
6 0.9037499999999999 0.7584895833333334 0.19250000000000006 0.48302083333333334
6 0.6937037037037037 0.67625 0.2400231481481482 0.20625
6 0.7218402777777777 0.8364062499999999 0.1957060185185185 0.13156250000000008
6 0.7527256944444445 0.9478385416666667 0.131550925925926 0.10432291666666664
6 0.5398206018518519 0.6667708333333333 0.06784722222222221 0.07937499999999993