0 0.4562789351851852 0.4491898148148148 0.04490740740740744 0.031898148148148134
0 0.4486689814814815 0.33807870370370374 0.05896990740740744 0.03210648148148145
3 0.4457465277777778 0.39587962962962964 0.07795138888888893 0.03863425925925927
4 0.6269097222222222 0.5064351851851852 0.18761574074074083 0.09023148148148152
6 0.4839409722222222 0.5254224537037038 0.11533564814814809 0.1203935185185184
6 0.8300347222222222 0.5305497685185185 0.3061342592592595 0.6760416666666667
6 0.5931712962962964 0.23547453703703708 0.2179976851851851 0.4467361111111111
6 0.6307002314814815 0.6573553240740742 0.1359953703703704 0.21439814814814823
6 0.4019386574074074 0.5867418981481481 0.04178240740740726 0.03185185185185198
6 0.4059606481481482 0.5414641203703704 0.04236111111111107 0.04747685185185198
6 0.4151041666666666 0.484537037037037 0.029745370370370238 0.044166666666666646
6 0.5171006944444445 0.6220601851851851 0.08055555555555553 0.06678240740740726