4 0.37744791666666666 0.49019097222222213 0.19968749999999993 0.09767361111111121
3 0.47588541666666667 0.28600694444444447 0.049270833333333285 0.061388888888888896
2 0.4919791666666667 0.19831597222222222 0.03499999999999996 0.01090277777777775
0 0.51203125 0.24052083333333335 0.04833333333333343 0.023958333333333394
2 0.5241145833333334 0.28072916666666664 0.029270833333333357 0.018437500000000016
6 0.25755208333333335 0.7368576388888889 0.44072916666666667 0.3950347222222222
6 0.14244791666666665 0.45597222222222217 0.2341666666666667 0.19423611111111114
6 0.36015625 0.4071180555555555 0.17937499999999992 0.07340277777777775
6 0.4880208333333334 0.6325868055555556 0.059270833333333425 0.1880208333333334
6 0.5063541666666667 0.4256944444444445 0.07916666666666661 0.20604166666666668
6 0.48187499999999994 0.16428819444444445 0.03760416666666657 0.04996527777777775