1 0.1642708333333333 0.6855324074074074 0.3285416666666666 0.2116898148148149
4 0.29776041666666664 0.5072511574074074 0.18947916666666664 0.07929398148148152
1 0.47624999999999995 0.5396122685185185 0.05458333333333343 0.022662037037036953
0 0.5394270833333333 0.5890335648148148 0.04541666666666657 0.025648148148148132
0 0.5165625 0.5214409722222222 0.035416666666666784 0.01613425925925931
6 0.10523437499999999 0.38925925925925925 0.21046874999999998 0.38903935185185184
6 0.2725 0.40521412037037036 0.1489583333333333 0.12708333333333338
6 0.2380729166666667 0.2999131944444445 0.04937500000000004 0.08502314814814813
6 0.41473958333333333 0.5590335648148148 0.049687499999999926 0.2301967592592593
6 0.37182291666666667 0.42858217592592596 0.055208333333333304 0.07886574074074079
6 0.4772916666666667 0.594369212962963 0.057499999999999926 0.06641203703703695
6 0.4608854166666667 0.5002835648148147 0.037708333333333496 0.05050925925925931
6 0.5329166666666667 0.55765625 0.029583333333333427 0.022291666666666644