0 0.8939583333333333 0.4217881944444445 0.03687499999999986 0.03902777777777775
0 0.8284375 0.42626736111111113 0.0375 0.048402777777777926
1 0.7696875000000001 0.43828125 0.031041666666666502 0.04499999999999993
6 0.836640625 0.5994791666666666 0.32671874999999984 0.30815972222222215
6 0.6508333333333333 0.6182986111111111 0.09458333333333328 0.25034722222222217
6 0.6315625 0.8816493055555557 0.48406249999999995 0.20378472222222221
6 0.6535416666666667 0.7647048611111111 0.46447916666666667 0.09697916666666657
6 0.7921875 0.3996701388888889 0.07270833333333329 0.0156944444444445
6 0.5971354166666666 0.6238194444444444 0.04562500000000007 0.21701388888888892
6 0.74296875 0.4136111111111111 0.011145833333333322 0.05034722222222214
0 0.7265625 0.42609375 0.02635416666666668 0.044791666666666605