3 0.4796469907407408 0.5791956018518518 0.12116898148148145 0.0587037037037037
4 0.6386284722222222 0.4991203703703704 0.2187615740740741 0.10785879629629633
6 0.4799768518518519 0.5042013888888889 0.09192129629629626 0.0881712962962963
6 0.876261574074074 0.43934606481481475 0.244351851851852 0.8786921296296295
6 0.6413946759259259 0.6287731481481481 0.20378472222222221 0.1514930555555555
6 0.6873148148148148 0.7456076388888888 0.16722222222222224 0.10903935185185176
6 0.6517766203703703 0.3498206018518519 0.21210648148148153 0.1859259259259259
6 0.6924189814814815 0.19016203703703705 0.14557870370370374 0.12450231481481482
6 0.7206134259259259 0.07980902777777779 0.10603009259259259 0.09140046296296296
6 0.4997569444444444 0.43453125000000004 0.08033564814814813 0.044340277777777715
6 0.521556712962963 0.38671875 0.0568518518518518 0.04104166666666664
6 0.9267245370370372 0.9313136574074076 0.11572916666666658 0.11334490740740719