4 0.49079861111111106 0.25503472222222223 0.2971180555555556 0.23269675925925926
0 0.7718923611111111 0.21652199074074074 0.07118055555555554 0.04166666666666661
3 0.7640625 0.11221064814814814 0.11069444444444443 0.06342592592592596
1 0.7047569444444445 0.01749131944444444 0.09496527777777786 0.03498263888888888
6 0.15894965277777778 0.3795283564814815 0.31789930555555557 0.759056712962963
6 0.47951388888888885 0.07103587962962962 0.32680555555555557 0.14207175925925924
6 0.46949652777777773 0.4408275462962963 0.3154513888888889 0.14438657407407404
6 0.3912673611111111 0.588917824074074 0.17458333333333337 0.12824074074074082
6 0.6727430555555556 0.21707175925925926 0.06715277777777776 0.352199074074074
6 0.74265625 0.05679976851851851 0.041458333333333285 0.039004629629629625
6 0.7447743055555556 0.1722511574074074 0.06965277777777779 0.04317129629629628
6 0.8233854166666668 0.008304398148148146 0.014479166666666644 0.01660879629629629
6 0.7932638888888889 0.06273148148148147 0.04454861111111121 0.03755787037037037