0 0.29418402777777775 0.4736979166666666 0.10688657407407405 0.15052083333333321
5 0.43515625 0.3497395833333333 0.02482638888888893 0.0390625
5 0.41872106481481486 0.37265625 0.02714120370370381 0.017395833333333322
1 0.2033275462962963 0.6964062500000001 0.23339120370370373 0.28364583333333326
5 0.4091724537037037 0.3990104166666667 0.028819444444444463 0.02062500000000007
3 0.6047453703703703 0.42104166666666665 0.04820601851851851 0.12322916666666668
0 0.4975983796296296 0.4733854166666667 0.08518518518518511 0.11166666666666672
6 0.5131655092592593 0.3686979166666667 0.024479166666666607 0.0296875
6 0.5087673611111111 0.3822395833333333 0.10283564814814809 0.041145833333333395
6 0.4007523148148149 0.47906250000000006 0.10283564814814809 0.16739583333333333
6 0.6476273148148148 0.7151041666666667 0.6561921296296296 0.2526041666666668
6 0.7149305555555555 0.5602083333333333 0.3965856481481481 0.10281249999999993
6 0.648900462962963 0.4913541666666667 0.20850694444444445 0.07468749999999993
6 0.1817997685185185 0.52015625 0.11805555555555554 0.07333333333333343
6 0.04565972222222222 0.7242708333333333 0.09131944444444444 0.23562499999999992
6 0.04482060185185185 0.5780208333333333 0.0896412037037037 0.06291666666666665