1 0.8070081018518518 0.26880787037037035 0.373298611111111 0.22800925925925924
4 0.6540046296296296 0.45802662037037034 0.18664351851851854 0.08748842592592591
1 0.47441550925925924 0.4390335648148148 0.05377314814814813 0.025023148148148166
0 0.4094444444444444 0.39453125 0.044490740740740796 0.027592592592592523
0 0.4347974537037037 0.4600983796296296 0.03483796296296297 0.017662037037036882
6 0.863101851851852 0.5602777777777778 0.22081018518518505 0.39834490740740736
6 0.6830266203703703 0.5576909722222222 0.14432870370370363 0.1333333333333334
6 0.7213310185185186 0.6599247685185186 0.046250000000000034 0.08696759259259253
6 0.5351736111111111 0.41515625 0.041180555555555644 0.23172453703703705
6 0.5828935185185186 0.5417881944444444 0.05231481481481488 0.08108796296296283
6 0.47134837962962967 0.38462384259259264 0.055069444444444574 0.06877314814814817
6 0.4912268518518518 0.47703125 0.03585648148148159 0.05203703703703706
6 0.41711226851851857 0.4252719907407407 0.02877314814814813 0.023541666666666572