0 0.4729803240740741 0.2803877314814815 0.09462962962962962 0.062152777777777855
0 0.48278356481481477 0.4620486111111111 0.06471064814814813 0.045648148148148236
6 0.1429571759259259 0.3859375 0.2859143518518518 0.771875
6 0.08374710648148148 0.8191203703703703 0.16749421296296296 0.10821759259259238
6 0.37302083333333336 0.3333275462962963 0.12189814814814817 0.21601851851851855
6 0.34517939814814813 0.15688657407407408 0.11136574074074072 0.13761574074074073
6 0.5877835648148148 0.4378530092592593 0.05533564814814831 0.045370370370370415
6 0.5410590277777778 0.4290856481481482 0.04495370370370359 0.08254629629629626
6 0.45909143518518525 0.37450810185185185 0.08774305555555557 0.12442129629629628
6 0.33230902777777777 0.6039467592592592 0.13314814814814815 0.1320138888888888
6 0.4231481481481481 0.5340972222222222 0.06659722222222228 0.06756944444444457
6 0.47911458333333334 0.4988599537037037 0.04724537037037031 0.026388888888888927