4 0.3390625 0.5146238425925926 0.165625 0.10043981481481482
0 0.5328125 0.526886574074074 0.05 0.020150462962963012
3 0.534375 0.5691666666666666 0.0484375 0.027870370370370344
0 0.54140625 0.6180208333333332 0.0390625 0.02418981481481488
6 0.45 0.6797916666666667 0.109375 0.5346064814814815
6 0.19921875 0.76796875 0.3984375 0.4640625
6 0.15390625 0.2317766203703704 0.3078125 0.4635532407407408
6 0.13125 0.4960590277777778 0.259375 0.09974537037037035
6 0.37109375 0.32199074074074074 0.1125 0.29104166666666664
6 0.534375 0.47932291666666665 0.06875 0.06813657407407411
6 0.4515625 0.3876967592592592 0.0578125 0.06280092592592598
6 0.5265625 0.43510995370370364 0.046875 0.03246527777777786