2 0.468744212962963 0.63546875 0.07203703703703698 0.022407407407407477
2 0.4754398148148148 0.4847453703703703 0.06744212962962966 0.03487268518518505
1 0.5072511574074074 0.5607581018518518 0.05652777777777782 0.03791666666666664
4 0.36548032407407405 0.5104918981481481 0.12241898148148156 0.07434027777777778
3 0.3598958333333333 0.7057523148148148 0.17928240740740745 0.15756944444444443
3 0.3952488425925926 0.4161863425925926 0.17888888888888888 0.10444444444444442
6 0.14124421296296297 0.5064872685185186 0.257662037037037 0.6143749999999999
6 0.5666261574074074 0.5611979166666666 0.015891203703703737 0.03605324074074083
6 0.36136574074074074 0.587800925925926 0.159837962962963 0.06368055555555543
6 0.36880787037037044 0.3269328703703704 0.07856481481481481 0.059953703703703634
6 0.31140625 0.27651041666666665 0.03243055555555561 0.1596064814814815
6 0.5099247685185185 0.605306712962963 0.11270833333333333 0.028958333333333287
6 0.4999305555555556 0.5216435185185185 0.0908449074074074 0.030358796296296297
6 0.32416087962962964 0.8382928240740741 0.13174768518518523 0.06815972222222229