4 0.6878993055555556 0.5015625 0.27662037037037024 0.109375
1 0.4727199074074074 0.68984375 0.03157407407407398 0.021875
6 0.46640625 0.73828125 0.01650462962962962 0.059375
6 0.483431712962963 0.72734375 0.019444444444444285 0.046875
6 0.4816319444444444 0.65859375 0.011493055555555642 0.0375
6 0.5192997685185186 0.6171875 0.03803240740740747 0.246875
6 0.485474537037037 0.6015625 0.026018518518518618 0.06875
6 0.771267361111111 0.66796875 0.45746527777777785 0.234375
6 0.8640364583333333 0.8921875 0.27192708333333326 0.209375
6 0.6963483796296297 0.8609375 0.049097222222222216 0.15
6 0.6427025462962963 0.82578125 0.044907407407407264 0.078125
6 0.5962962962962963 0.8046875 0.031898148148148134 0.04375
6 0.9078472222222222 0.27734375 0.1843055555555555 0.5453125
6 0.7596412037037037 0.22890625 0.10942129629629634 0.425
6 0.6394618055555557 0.39609375 0.14192129629629627 0.0875
6 0.6528935185185185 0.30078125 0.1232870370370371 0.0953125
6 0.656423611111111 0.22265625 0.08212962962962962 0.059375
6 0.6733391203703704 0.1515625 0.044791666666666605 0.0703125
6 0.5303125 0.4640625 0.017789351851851976 0.040625