6 0.33439814814814817 0.6346469907407407 0.035208333333333286 0.028379629629629477
6 0.37239004629629624 0.5919502314814815 0.042569444444444396 0.06592592592592598
6 0.4204629629629629 0.5782407407407407 0.03879629629629626 0.04402777777777782
6 0.4139756944444445 0.5070833333333333 0.03879629629629626 0.044027777777777645
6 0.4813078703703704 0.4763252314814815 0.04224537037037024 0.26587962962962963
6 0.5581423611111112 0.5995775462962963 0.11393518518518526 0.049270833333333285
6 0.6793634259259259 0.6489236111111112 0.18807870370370364 0.12636574074074075
6 0.5885358796296296 0.3122395833333333 0.12606481481481496 0.24775462962962963
6 0.7164525462962963 0.21472800925925925 0.171736111111111 0.4183680555555556
6 0.5073900462962964 0.36086805555555557 0.03574074074074076 0.1517939814814815
6 0.4572974537037037 0.46911458333333333 0.03895833333333343 0.15494212962962967
6 0.8945138888888888 0.2973148148148148 0.21087962962962975 0.5795601851851853
6 0.867175925925926 0.7954832175925926 0.22472222222222235 0.4090335648148148
6 0.7173900462962963 0.7632928240740741 0.08315972222222215 0.11777777777777772