2 0.5424652777777779 0.5386284722222222 0.041180555555555644 0.020254629629629584
0 0.5521238425925926 0.5030092592592592 0.06324074074074079 0.027314814814814882
6 0.4788657407407408 0.520630787037037 0.07394675925925931 0.23061342592592596
6 0.20538773148148146 0.6774305555555555 0.4107754629629629 0.2892361111111111
6 0.2034809027777778 0.34594907407407405 0.4069618055555556 0.26527777777777783
6 0.6062905092592593 0.5754050925925925 0.013611111111111107 0.037962962962962976
6 0.5883217592592592 0.5747395833333334 0.041469907407407545 0.08269675925925916
6 0.4316724537037038 0.5032407407407408 0.046782407407407335 0.4200231481481481
6 0.4624305555555555 0.652980324074074 0.029097222222222285 0.03385416666666678
6 0.5350289351851851 0.604832175925926 0.0693518518518518 0.02285879629629619
6 0.10605034722222222 0.498900462962963 0.21210069444444443 0.07361111111111107