4 0.5699479166666667 0.4893923611111111 0.1851388888888888 0.09152777777777779
1 0.4014409722222222 0.5689930555555556 0.032222222222222284 0.022569444444444465
6 0.37147569444444445 0.6337847222222223 0.018993055555555572 0.04100694444444457
6 0.4044270833333334 0.6009895833333333 0.03604166666666657 0.038263888888888785
6 0.37517361111111114 0.5938194444444445 0.01871527777777775 0.03475694444444457
6 0.4413020833333333 0.5509027777777777 0.05152777777777775 0.17597222222222228
6 0.3998090277777778 0.5322743055555555 0.03340277777777771 0.049131944444444464
6 0.45105902777777784 0.6648611111111111 0.039583333333333214 0.04770833333333328
6 0.7130729166666667 0.6480902777777777 0.4805902777777778 0.24170138888888887
6 0.7974305555555555 0.3115104166666666 0.30538194444444444 0.44385416666666666
6 0.5792361111111111 0.3640625 0.16333333333333327 0.16284722222222214
6 0.5919965277777777 0.24647569444444448 0.11590277777777765 0.07906250000000004
6 0.46229166666666666 0.4425173611111111 0.07361111111111107 0.04065972222222225
6 0.47821180555555554 0.39602430555555557 0.045486111111111074 0.040034722222222194
6 0.7738541666666666 0.8719618055555556 0.357951388888889 0.2218055555555555
6 0.5616319444444444 0.8125520833333333 0.06965277777777779 0.09208333333333343
6 0.5119791666666667 0.7862847222222223 0.028229166666666573 0.038090277777777716