2 0.4913078703703704 0.4015451388888889 0.06916666666666664 0.03168981481481481
2 0.4714814814814815 0.4732291666666667 0.058090277777777644 0.021747685185185262
2 0.4657754629629629 0.5417361111111111 0.03787037037037031 0.026944444444444392
6 0.8466435185185185 0.7869126157407408 0.2908101851851853 0.4261747685185185
6 0.8757523148148149 0.31123842592592593 0.2421990740740739 0.5402777777777777
6 0.6256828703703704 0.4085127314814815 0.2183564814814815 0.19555555555555557
6 0.6620486111111111 0.2759201388888889 0.18222222222222229 0.07502314814814817
6 0.6724768518518518 0.2053125 0.12114583333333329 0.06248842592592592
6 0.6587615740740741 0.7088946759259259 0.08047453703703696 0.26803240740740736
6 0.5831944444444443 0.6377372685185185 0.05861111111111121 0.16229166666666667
6 0.5165335648148148 0.5459317129629631 0.045370370370370415 0.11164351851851854
6 0.46553819444444444 0.5049768518518519 0.041157407407407476 0.03804398148148138
6 0.4680960648148148 0.4378703703703704 0.07858796296296297 0.03530092592592595
6 0.4359780092592592 0.3892939814814815 0.02711805555555564 0.038877314814814844
6 0.43251736111111116 0.30623842592592593 0.03530092592592595 0.0642824074074074
6 0.44841435185185186 0.23591435185185183 0.02259259259259263 0.049571759259259274