0 0.5309317129629629 0.6875 0.14751157407407406 0.1015625
5 0.6407118055555555 0.55078125 0.03836805555555554 0.0234375
5 0.6194155092592593 0.56640625 0.016608796296296368 0.0265625
1 0.3168113425925926 0.7703125 0.277025462962963 0.2234375
5 0.5939525462962963 0.575 0.019791666666666784 0.028125
3 0.5515046296296295 0.378125 0.12193287037037023 0.04375
0 0.5100983796296296 0.48359375 0.10925925925925917 0.08125
6 0.6135706018518519 0.471875 0.028993055555555713 0.0234375
6 0.6004340277777778 0.47578125 0.038136574074074045 0.1015625
6 0.5144675925925926 0.58046875 0.16452546296296297 0.096875
6 0.2518518518518519 0.32421875 0.23339120370370373 0.6484375
6 0.40034722222222224 0.2625 0.0911458333333334 0.39375
6 0.4763310185185185 0.33125 0.06857638888888892 0.20625
6 0.4959780092592593 0.7984375 0.06990740740740745 0.115625
6 0.3067708333333333 0.9421875 0.2322916666666667 0.1125
6 0.45277777777777783 0.93984375 0.05995370370370381 0.1