0 0.5646643518518518 0.5556076388888889 0.07238425925925931 0.03597222222222225
0 0.6808217592592593 0.6944791666666668 0.08166666666666664 0.02993055555555557
1 0.617337962962963 0.6294618055555555 0.042604166666666644 0.029062500000000036
6 0.3788773148148148 0.7809027777777778 0.7049537037037037 0.1390625
6 0.33460069444444446 0.693576388888889 0.6006944444444444 0.06020833333333329
6 0.3071701388888889 0.6355729166666666 0.5696296296296296 0.072013888888889
6 0.26578124999999997 0.5849131944444445 0.5020717592592592 0.04552083333333332
6 0.2543229166666666 0.55 0.48640046296296297 0.042048611111111175
6 0.5546296296296296 0.5112847222222222 0.05363425925925931 0.035555555555555604
6 0.4050289351851852 0.9108333333333334 0.7629513888888889 0.152847222222222
6 0.5706655092592593 0.5914236111111111 0.09414351851851847 0.02864583333333339