0 0.5307291666666666 0.16071180555555556 0.03979166666666671 0.03604166666666666
0 0.5247916666666667 0.22626736111111115 0.04916666666666671 0.03645833333333339
1 0.5114583333333333 0.2852256944444444 0.04562500000000007 0.030069444444444392
6 0.35208333333333336 0.19586805555555556 0.3161458333333333 0.37236111111111114
6 0.3285416666666666 0.40795138888888893 0.2520833333333334 0.08909722222222224
6 0.08575520833333333 0.43303819444444447 0.17151041666666667 0.4800000000000001
6 0.18197916666666666 0.40848958333333335 0.10718750000000003 0.46277777777777784
6 0.5506249999999999 0.26189236111111114 0.017291666666666573 0.07243055555555555
6 0.3218229166666667 0.46171875 0.2177083333333333 0.04083333333333332
6 0.5355729166666666 0.31137152777777777 0.050520833333333216 0.010034722222222214
0 0.5227083333333333 0.3280381944444445 0.0453125 0.025381944444444395