2 0.3557118055555556 0.4328125 0.016111111111111142 0.021875
4 0.5147048611111111 0.55625 0.128125 0.140625
6 0.20845486111111108 0.45078125 0.1671180555555555 0.0671875
6 0.3395138888888889 0.47734375 0.09347222222222218 0.0578125
6 0.3066493055555556 0.43984375 0.03472222222222223 0.015625
6 0.23246527777777776 0.6875 0.4384027777777778 0.321875
6 0.17050347222222223 0.50078125 0.2511458333333333 0.0515625
6 0.4172048611111111 0.49296875 0.06239583333333325 0.065625
6 0.6291840277777778 0.75078125 0.3695138888888888 0.175
6 0.6278472222222222 0.6203125 0.09555555555555557 0.08125
6 0.6028298611111111 0.54921875 0.048159722222222354 0.0578125
6 0.7156944444444445 0.6359375 0.08687499999999986 0.0421875
6 0.8709895833333334 0.76875 0.12281249999999985 0.1125
6 0.8302083333333332 0.69140625 0.041631944444444714 0.0453125