1 0.299681712962963 0.6030555555555556 0.22377314814814805 0.2845833333333333
4 0.4765277777777778 0.5593055555555555 0.11465277777777771 0.18298611111111107
2 0.49197337962962956 0.4330034722222223 0.03939814814814824 0.06572916666666657
2 0.6447569444444444 0.4113888888888889 0.028553240740740726 0.06836805555555561
1 0.7249131944444445 0.4710243055555555 0.08425925925925917 0.10517361111111115
6 0.8823842592592592 0.4492013888888889 0.20958333333333315 0.12166666666666667
6 0.3455787037037037 0.7511805555555556 0.6911574074074074 0.1250694444444445
6 0.5405671296296296 0.6625694444444444 0.26738425925925924 0.07118055555555554
6 0.6062384259259259 0.5527604166666666 0.14534722222222224 0.165625
6 0.7023321759259259 0.5484895833333333 0.04495370370370359 0.04256944444444457
6 0.09640335648148149 0.6226215277777778 0.19280671296296298 0.19815972222222236
6 0.15675925925925926 0.5025173611111111 0.08245370370370368 0.04423611111111114
6 0.4206250000000001 0.44475694444444447 0.10258101851851861 0.03888888888888893
6 0.3142592592592593 0.4533854166666666 0.10836805555555555 0.023541666666666572
6 0.5713368055555555 0.44039930555555556 0.11090277777777775 0.05642361111111107
6 0.7283043981481482 0.4092361111111112 0.10381944444444428 0.02802083333333343
6 0.6552256944444445 0.4530555555555556 0.050694444444444466 0.025659722222222216