2 0.45532407407407405 0.48307291666666663 0.06770833333333322 0.030069444444444572
2 0.4312789351851851 0.71296875 0.07777777777777786 0.039722222222222214
3 0.44207175925925923 0.5988368055555555 0.11759259259259255 0.07208333333333332
4 0.2861111111111111 0.49432291666666667 0.2215856481481481 0.10790509259259266
6 0.19094328703703703 0.6859143518518518 0.38188657407407406 0.27504629629629634
6 0.1109375 0.41594328703703703 0.221875 0.29780092592592594
6 0.4075810185185185 0.4961805555555555 0.040972222222222146 0.13217592592592595
6 0.4533564814814815 0.5306828703703703 0.0622106481481481 0.061087962962962906
6 0.5541377314814815 0.5908391203703705 0.022222222222222143 0.04743055555555564
6 0.5000289351851851 0.5215046296296296 0.03431712962962976 0.06337962962962962
6 0.5325520833333334 0.5454861111111111 0.01331018518518512 0.053402777777777646