4 0.5284143518518519 0.5522800925925926 0.109236111111111 0.18331018518518505
1 0.4729398148148148 0.40396990740740735 0.041331018518518545 0.045775462962962976
6 0.5402719907407407 0.3730613425925926 0.05878472222222229 0.021747685185185172
6 0.535630787037037 0.41951967592592593 0.07840277777777782 0.06951388888888896
6 0.2616377314814815 0.7251331018518519 0.45513888888888887 0.18254629629629626
6 0.7423987268518518 0.7038136574074073 0.5152025462962964 0.16914351851851847
6 0.6489409722222221 0.5350636574074075 0.1442592592592593 0.19759259259259263
6 0.8577604166666667 0.5687905092592592 0.28447916666666656 0.13026620370370381
6 0.7692476851851853 0.4833912037037037 0.11582175925925924 0.06989583333333335
6 0.25628472222222226 0.5765740740740741 0.45287037037037037 0.13879629629629625
6 0.34463541666666664 0.48269097222222224 0.25265046296296295 0.0941319444444444
6 0.40763888888888894 0.4136226851851852 0.09041666666666667 0.0607870370370371
6 0.480150462962963 0.4372800925925926 0.04208333333333343 0.03023148148148138
6 0.5030555555555555 0.38047453703703704 0.01355324074074069 0.02096064814814813
6 0.3283564814814815 0.4255671296296296 0.0799074074074074 0.038425925925925954
6 0.18344328703703705 0.5012326388888889 0.08993055555555554 0.051412037037037096
6 0.27173032407407405 0.4363368055555556 0.041759259259259274 0.02398148148148138
6 0.21122685185185186 0.46297453703703706 0.0384722222222222 0.02069444444444457