4 0.4895659722222222 0.6010474537037037 0.08013888888888872 0.16490740740740756
0 0.22786458333333334 0.44590856481481483 0.09475694444444445 0.12040509259259266
1 0.5834548611111111 0.42367476851851843 0.028611111111111143 0.023333333333333428
6 0.3341145833333333 0.7645775462962963 0.6682291666666667 0.21665509259259252
6 0.2248263888888889 0.5963252314814815 0.4496527777777778 0.17702546296296298
6 0.5763020833333333 0.393582175925926 0.025416666666666643 0.020046296296296263
6 0.5972048611111112 0.40326967592592594 0.03135416666666657 0.006307870370370239
6 0.611545138888889 0.42669560185185185 0.029027777777777784 0.04208333333333343
6 0.43592013888888886 0.48094328703703704 0.31770833333333337 0.11011574074074063
6 0.5754166666666667 0.6094097222222222 0.10020833333333332 0.15502314814814824
6 0.5028298611111112 0.4265335648148148 0.11190972222222229 0.04950231481481478