4 0.6533101851851851 0.46340856481481485 0.22409722222222223 0.10230324074074079
3 0.43159143518518517 0.45546296296296296 0.06119212962962965 0.037986111111111144
1 0.4317418981481481 0.5405729166666667 0.031388888888889 0.020601851851851906
6 0.8387962962962963 0.7241724537037036 0.3142476851851853 0.46530092592592603
6 0.8773784722222222 0.25958912037037035 0.22071759259259238 0.4894328703703703
6 0.7010532407407407 0.343443287037037 0.20577546296296312 0.1590046296296296
6 0.7192361111111112 0.20804976851851853 0.1133912037037037 0.12697916666666664
6 0.49064236111111115 0.4956944444444444 0.06666666666666661 0.14451388888888878
6 0.5555150462962963 0.3825231481481482 0.07557870370370381 0.08256944444444443
6 0.630150462962963 0.6381423611111111 0.13321759259259255 0.2734027777777778
6 0.5298437500000001 0.5800520833333334 0.0758912037037037 0.12475694444444443
6 0.5386226851851852 0.6599652777777778 0.04568287037037031 0.05268518518518519
6 0.6500115740740741 0.8032986111111111 0.07871527777777772 0.08431712962962976
6 0.43671296296296297 0.5020138888888889 0.04103009259259256 0.05709490740740737
6 0.40885416666666663 0.5731655092592594 0.03467592592592581 0.04266203703703688
6 0.44096064814814817 0.5611111111111111 0.018842592592592668 0.013611111111111285