4 0.70078125 0.4771006944444444 0.18767361111111108 0.11343750000000004
1 0.5998784722222222 0.9164930555555555 0.17218750000000008 0.11621527777777771
1 0.29638888888888887 0.8270486111111112 0.06715277777777776 0.035833333333333425
2 0.26515625 0.74015625 0.03215277777777779 0.021006944444444463
6 0.13357638888888887 0.9292013888888888 0.061388888888888896 0.11687499999999992
6 0.20746527777777776 0.8673437499999999 0.07673611111111107 0.11097222222222243
6 0.3115451388888889 0.8689409722222223 0.09840277777777776 0.036527777777777715
6 0.44376736111111115 0.7823263888888888 0.10743055555555561 0.23965277777777771
6 0.348125 0.7594270833333333 0.08895833333333333 0.10500000000000007
6 0.3662673611111111 0.8333159722222222 0.05670138888888889 0.046527777777777855
6 0.2647569444444445 0.7839583333333333 0.0770138888888889 0.04697916666666657
6 0.6291145833333334 0.7297222222222223 0.22708333333333322 0.2626041666666666
6 0.8656770833333333 0.7630729166666667 0.2686458333333334 0.44090277777777764
6 0.7323958333333334 0.9244965277777778 0.08972222222222222 0.12218750000000007
6 0.49343750000000003 0.7561979166666667 0.17829861111111106 0.2537152777777777