4 0.4984375 0.59296875 0.121875 0.21328125
0 0.56640625 0.41328125 0.02421875 0.03203125
0 0.61015625 0.4109375 0.0265625 0.03984375
0 0.6609375 0.4109375 0.02578125 0.0359375
0 0.71171875 0.41328125 0.03515625 0.03203125
6 0.64453125 0.38671875 0.05703125 0.025
6 0.66484375 0.4546875 0.37578125 0.0578125
6 0.78125 0.65625 0.4375 0.334375
6 0.2203125 0.69765625 0.43125 0.234375
6 0.5046875 0.7515625 0.128125 0.1203125
6 0.35703125 0.521875 0.1640625 0.08984375
6 0.44140625 0.46328125 0.07265625 0.03828125
6 0.30546875 0.571875 0.2640625 0.11953125