0 0.49028356481481483 0.37309606481481483 0.07078703703703706 0.03488425925925931
3 0.4937094907407408 0.4309085648148148 0.07152777777777786 0.047384259259259306
3 0.49925347222222227 0.49808449074074074 0.1061805555555555 0.052326388888888783
6 0.80234375 0.20635416666666667 0.3953125 0.41270833333333334
6 0.9055150462962963 0.5543229166666667 0.18896990740740732 0.2765856481481482
6 0.5890104166666668 0.29811342592592593 0.09312499999999986 0.25370370370370365
6 0.5896759259259259 0.13788194444444443 0.06657407407407412 0.06921296296296298
6 0.45976851851851847 0.5835706018518518 0.07219907407407397 0.11142361111111114
6 0.513744212962963 0.3205555555555556 0.04157407407407412 0.06902777777777783
6 0.539704861111111 0.41571759259259256 0.031203703703703668 0.10487268518518515
6 0.49546875 0.4605960648148148 0.05873842592592595 0.016053240740740726
6 0.5277662037037036 0.5439872685185185 0.05488425925925924 0.030081018518518476