3 0.61546875 0.35720486111111105 0.03833333333333329 0.03888888888888893
4 0.44092013888888887 0.4895543981481481 0.14625000000000005 0.11782407407407405
6 0.6075520833333334 0.31762152777777775 0.060104166666666715 0.03501157407407405
6 0.6194618055555555 0.2905960648148148 0.019166666666666644 0.019444444444444466
6 0.5588194444444444 0.4116898148148148 0.07513888888888882 0.14953703703703702
6 0.5457118055555557 0.5255497685185185 0.062638888888889 0.07881944444444447
6 0.2690104166666667 0.5647280092592593 0.17204861111111108 0.8572337962962964
6 0.42854166666666665 0.6362268518518518 0.17256944444444447 0.178125
6 0.4138715277777778 0.785329861111111 0.1276736111111111 0.12494212962962976
6 0.3932986111111111 0.9151041666666668 0.08114583333333343 0.13883101851851834
6 0.5367013888888889 0.33119212962962963 0.045763888888888896 0.021990740740740745
6 0.42633680555555553 0.36108217592592595 0.171875 0.146875
6 0.3808680555555556 0.25017361111111114 0.08319444444444449 0.09050925925925926
6 0.4516319444444445 0.26788194444444446 0.05409722222222228 0.04571759259259256
6 0.5284027777777778 0.3096064814814815 0.023784722222222145 0.016493055555555535