4 0.6113541666666666 0.4984375 0.18479166666666663 0.1
1 0.45739583333333333 0.45078125 0.046354166666666786 0.0390625
6 0.4346354166666666 0.51953125 0.022604166666666713 0.0578125
6 0.4802604166666667 0.5125 0.07062500000000008 0.075
6 0.7516145833333334 0.2234375 0.18916666666666676 0.446875
6 0.7897395833333333 0.725 0.1772916666666667 0.55
6 0.6084895833333334 0.61953125 0.19958333333333336 0.134375
6 0.6686979166666667 0.84296875 0.13489583333333321 0.3125
6 0.5713541666666666 0.7421875 0.07156249999999993 0.1125
6 0.6033333333333333 0.22578125 0.14541666666666658 0.446875
6 0.52046875 0.31875 0.09781249999999986 0.2484375
6 0.45927083333333335 0.38515625 0.06208333333333336 0.0875
6 0.4913541666666667 0.45625 0.03083333333333336 0.040625
6 0.4376041666666667 0.48203125 0.021145833333333287 0.0125
6 0.4617708333333333 0.30546875 0.039583333333333214 0.078125
6 0.5198437499999999 0.15703125 0.05270833333333336 0.0875
6 0.46578125000000004 0.2484375 0.024583333333333356 0.040625
6 0.4851041666666667 0.18671875 0.02124999999999986 0.0375