4 0.5070949074074074 0.5696064814814814 0.10263888888888886 0.18108796296296284
4 0.6688483796296296 0.3561284722222222 0.0318518518518518 0.04155092592592595
1 0.9369039351851851 0.40680555555555553 0.02537037037037031 0.025740740740740797
6 0.9107638888888889 0.3833506944444444 0.026886574074074333 0.022662037037036953
6 0.910480324074074 0.4169675925925926 0.02247685185185162 0.04127314814814813
6 0.961116898148148 0.4404166666666667 0.07776620370370395 0.04771990740740737
6 0.9666493055555556 0.4098321759259259 0.01905092592592581 0.020868055555555466
6 0.7213310185185186 0.3639525462962963 0.0474768518518518 0.04201388888888893
6 0.7787673611111112 0.38960648148148147 0.059837962962962975 0.03300925925925924
6 0.7651388888888888 0.3665625 0.03950231481481481 0.03084490740740744
6 0.8351909722222223 0.3996585648148148 0.044166666666666646 0.02942129629629626
6 0.8807581018518519 0.4155034722222222 0.031643518518518474 0.02748842592592595
6 0.863431712962963 0.4066377314814815 0.01599537037037031 0.025462962962962975
6 0.23347800925925927 0.6183564814814815 0.4485300925925927 0.4412268518518518
6 0.5203819444444445 0.7278761574074074 0.12572916666666673 0.1583449074074073
6 0.6112731481481481 0.7431597222222223 0.058194444444444396 0.13291666666666657
6 0.5764583333333333 0.6089756944444444 0.03553240740740744 0.07914351851851861
6 0.4091435185185185 0.3943055555555556 0.3604398148148148 0.0825231481481481
6 0.5131944444444445 0.45375 0.11627314814814813 0.04717592592592581
6 0.4856076388888889 0.33263888888888893 0.18364583333333329 0.06166666666666672
6 0.6139641203703704 0.3444675925925926 0.07287037037037045 0.06931712962962963
6 0.3529340277777778 0.34594907407407405 0.07842592592592598 0.02262731481481488