4 0.47057870370370375 0.6465972222222222 0.11649305555555571 0.2601041666666667
0 0.4534027777777778 0.45111111111111113 0.02381944444444457 0.037986111111111144
0 0.34184606481481483 0.45046875000000003 0.023495370370370416 0.031736111111111145
1 0.42355324074074074 0.45489583333333333 0.023900462962962978 0.039548611111111145
0 0.3795486111111111 0.4457291666666666 0.020289351851851833 0.030104166666666644
6 0.28401041666666665 0.7381423611111111 0.280451388888889 0.5025347222222221
6 0.10856481481481481 0.750625 0.10604166666666667 0.4799305555555556
6 0.03745081018518519 0.7722743055555557 0.07490162037037038 0.4304166666666667
6 0.5168055555555555 0.86875 0.228125 0.215763888888889
6 0.6658680555555556 0.9286458333333334 0.08481481481481482 0.07055555555555557
6 0.6569733796296295 0.8593923611111112 0.05094907407407412 0.04951388888888886
6 0.6389930555555555 0.8449652777777779 0.044918981481481525 0.08371527777777779
6 0.5424363425925927 0.6754340277777778 0.04355324074074076 0.1476736111111112
6 0.5742476851851852 0.7090624999999999 0.02921296296296294 0.08180555555555565
6 0.5965914351851852 0.7296354166666668 0.02438657407407412 0.04892361111111114
6 0.43635416666666665 0.41871527777777773 0.055335648148148134 0.013715277777777857
6 0.40175925925925926 0.45381944444444444 0.02085648148148156 0.04104166666666664
6 0.45836805555555554 0.49079861111111106 0.07398148148148156 0.04222222222222207
6 0.47417245370370364 0.4568923611111112 0.017407407407407406 0.03472222222222214
6 0.31847222222222216 0.47986111111111107 0.12629629629629627 0.027777777777777856