2 0.4096354166666667 0.5582465277777777 0.04864583333333332 0.09906249999999997
1 0.0328125 0.48383101851851845 0.03229166666666666 0.06395833333333342
4 0.4541145833333333 0.6789293981481481 0.096875 0.19187499999999993
6 0.6516145833333333 0.844392361111111 0.35333333333333333 0.2549999999999997
6 0.8733333333333334 0.908912037037037 0.1362499999999997 0.18217592592592596
6 0.598125 0.6824768518518518 0.18416666666666667 0.05314814814814817
6 0.52671875 0.6246817129629629 0.06260416666666657 0.02815972222222225
6 0.23726562499999998 0.8903559027777778 0.47453124999999996 0.21928819444444442
6 0.20401041666666667 0.6975231481481481 0.40802083333333333 0.22942129629629626
6 0.21567708333333332 0.5513252314814815 0.34208333333333335 0.1329629629629629
6 0.020989583333333332 0.5519849537037037 0.041979166666666665 0.06646990740740737
6 0.007630208333333333 0.4816435185185185 0.015260416666666665 0.06172453703703695