4 0.49921875 0.659375 0.07578125 0.16484375
1 0.64140625 0.5203125 0.021875 0.04140625
6 0.59375 0.46953125 0.040625 0.0515625
6 0.56328125 0.48203125 0.021875 0.03828125
6 0.575 0.53828125 0.10234375 0.0875
6 0.63046875 0.46953125 0.02578125 0.04140625
6 0.7296875 0.58828125 0.19609375 0.08125
6 0.7109375 0.5203125 0.11328125 0.06796875
6 0.58515625 0.66953125 0.0859375 0.19140625
6 0.815625 0.8171875 0.365625 0.365625
6 0.90234375 0.6125 0.1390625 0.0640625
6 0.4390625 0.9171875 0.384375 0.165625
6 0.47578125 0.78984375 0.31171875 0.07578125
6 0.51328125 0.5421875 0.0203125 0.04765625
6 0.421875 0.7046875 0.0765625 0.0953125
6 0.44609375 0.6296875 0.0296875 0.0515625