4 0.525 0.5587962962962962 0.09708333333333333 0.1459837962962963
6 0.6176736111111112 0.42837962962962967 0.05666666666666664 0.009791666666666643
6 0.5489409722222222 0.44686342592592593 0.12590277777777778 0.021238425925925952
6 0.4905729166666667 0.4699594907407407 0.23760416666666656 0.039247685185185156
6 0.6261979166666667 0.5674247685185185 0.10864583333333329 0.16012731481481488
6 0.7233333333333334 0.5901504629629629 0.09288194444444446 0.15688657407407405
6 0.7988715277777777 0.6192881944444444 0.055173611111111145 0.15192129629629642
6 0.851388888888889 0.6228067129629629 0.054305555555555426 0.09724537037037032
6 0.9416145833333335 0.6307349537037037 0.11517361111111128 0.025844907407407545
6 0.38265625000000003 0.573917824074074 0.20368055555555556 0.15458333333333343
6 0.4841319444444444 0.7294675925925926 0.7205555555555556 0.1865277777777777
6 0.2284027777777778 0.6024131944444445 0.13565972222222228 0.06504629629629619
6 0.35203125 0.48270833333333335 0.06076388888888893 0.03168981481481481