4 0.3442013888888889 0.49042245370370363 0.1877083333333333 0.0818287037037038
4 0.4969965277777778 0.3540798611111111 0.09611111111111122 0.05659722222222223
6 0.19618055555555555 0.2296875 0.3922222222222222 0.459375
6 0.13569444444444445 0.588136574074074 0.23027777777777775 0.2674768518518519
6 0.31703125 0.565769675925926 0.15625 0.07598379629629619
6 0.2877777777777778 0.6294560185185185 0.0865277777777778 0.0515625
6 0.42413194444444446 0.2816550925925926 0.09128472222222221 0.3340856481481482
6 0.5073784722222222 0.44681712962962966 0.058958333333333356 0.13321759259259255
6 0.4646006944444444 0.5055266203703704 0.02972222222222225 0.10717592592592595
6 0.6156423611111111 0.4177662037037037 0.06222222222222218 0.06626157407407404
6 0.5609027777777778 0.4362268518518519 0.04423611111111114 0.08275462962962976
6 0.6061458333333334 0.36255787037037035 0.042569444444444396 0.04525462962962958
6 0.5054861111111111 0.2809895833333333 0.06965277777777779 0.09305555555555553
6 0.57859375 0.3236689814814815 0.04690972222222225 0.03761574074074074
6 0.558420138888889 0.292332175925926 0.041736111111111106 0.026504629629629583
6 0.49006944444444445 0.21582754629629627 0.04711805555555557 0.042303240740740745