4 0.653125 0.4984375 0.2125 0.10625
0 0.45078125 0.521875 0.03125 0.021875
0 0.453125 0.55078125 0.03125 0.01875
2 0.4484375 0.58203125 0.0265625 0.009375
6 0.86796875 0.6 0.2625 0.8
6 0.6484375 0.6359375 0.2078125 0.1578125
6 0.66640625 0.77421875 0.1109375 0.109375
6 0.69609375 0.86015625 0.05625 0.0625
6 0.715625 0.91875 0.03125 0.0328125
6 0.71953125 0.9 0.015625 0.0171875
6 0.51875 0.5671875 0.05 0.190625
6 0.9421875 0.10625 0.096875 0.184375
6 0.8578125 0.13984375 0.065625 0.1125
6 0.79765625 0.16953125 0.0375 0.05625
6 0.7046875 0.3484375 0.053125 0.190625
6 0.646875 0.3765625 0.05625 0.1375
6 0.59921875 0.3984375 0.040625 0.090625
6 0.55546875 0.41953125 0.0375 0.046875
6 0.52109375 0.45234375 0.04375 0.034375
6 0.47734375 0.546875 0.0203125 0.128125
6 0.428125 0.57578125 0.0125 0.0484375