4 0.6238252314814815 0.4825520833333333 0.25384259259259245 0.14351851851851852
1 0.4757233796296296 0.26808449074074076 0.06493055555555571 0.04918981481481479
6 0.46349537037037036 0.39456018518518515 0.02436342592592595 0.07887731481481479
6 0.4422395833333333 0.39221643518518523 0.01748842592592581 0.036516203703703634
6 0.5279571759259258 0.3546006944444445 0.11240740740740733 0.12268518518518512
6 0.4489525462962963 0.32543402777777775 0.046828703703703664 0.060995370370370415
6 0.6060706018518519 0.1665653935185185 0.09018518518518519 0.333130787037037
6 0.5361458333333333 0.14545717592592594 0.07541666666666665 0.2909143518518519
6 0.47164930555555556 0.12102141203703705 0.09124999999999997 0.2420428240740741
6 0.4086631944444445 0.11251446759259258 0.05902777777777786 0.22502893518518516
6 0.42022569444444446 0.2544849537037037 0.028888888888888787 0.07592592592592595
6 0.4219444444444444 0.31782407407407404 0.016979166666666677 0.056770833333333395
6 0.7174479166666666 0.1287326388888889 0.15052083333333321 0.2574652777777778
6 0.6922395833333332 0.27728587962962964 0.09370370370370366 0.06273148148148149
6 0.6130439814814814 0.33501157407407406 0.07743055555555553 0.04965277777777786
6 0.40074652777777775 0.3467881944444445 0.01174768518518512 0.01603009259259256