4 0.49520833333333325 0.6542824074074074 0.12489583333333343 0.19870370370370374
3 0.4994386574074074 0.5051099537037037 0.06331018518518512 0.11030092592592596
6 0.7935185185185185 0.4649305555555555 0.06608796296296297 0.06347222222222229
6 0.7340335648148149 0.47889467592592594 0.047233796296296225 0.049131944444444464
6 0.6850925925925926 0.5461458333333333 0.1975347222222222 0.0919791666666665
6 0.6699305555555556 0.4834143518518518 0.0737268518518519 0.04015046296296312
6 0.5702662037037036 0.5421006944444444 0.024062500000000143 0.08472222222222214
6 0.7041087962962964 0.7214467592592593 0.28940972222222217 0.2620717592592591
6 0.3633043981481482 0.740619212962963 0.13907407407407407 0.21453703703703705
6 0.4969328703703703 0.9140625 0.9938657407407406 0.171875
6 0.25936921296296295 0.742986111111111 0.06381944444444443 0.17905092592592595
6 0.18421296296296297 0.76296875 0.08844907407407403 0.12942129629629626
6 0.07695601851851852 0.7918518518518519 0.11613425925925927 0.07046296296296291
6 0.9098206018518518 0.7971585648148147 0.1366319444444443 0.09576388888888906
6 0.8862152777777779 0.7139872685185186 0.08171296296296297 0.0637037037037036
6 0.8662731481481483 0.6636863425925925 0.037731481481481664 0.03180555555555564