4 0.47046875000000005 0.6931597222222222 0.13881944444444444 0.24347222222222217
0 0.5634548611111111 0.4660937499999999 0.04777777777777779 0.09159722222222229
0 0.4716145833333333 0.4914236111111111 0.05090277777777778 0.0916666666666666
0 0.3408159722222222 0.5135416666666667 0.054166666666666606 0.0948611111111111
6 0.6309895833333334 0.6709201388888889 0.19229166666666658 0.32270833333333326
6 0.7996180555555557 0.6950000000000001 0.17072916666666665 0.2941319444444444
6 0.4073611111111111 0.511892361111111 0.06649305555555554 0.1263541666666665
6 0.2722916666666667 0.7004861111111111 0.26708333333333334 0.24944444444444436
6 0.090625 0.7410243055555555 0.11597222222222223 0.22111111111111104
6 0.4811111111111111 0.9251041666666666 0.9622222222222222 0.14979166666666685
6 0.9254513888888889 0.7142187499999999 0.09944444444444436 0.2706944444444444
6 0.5159548611111111 0.5143055555555556 0.038402777777777786 0.09138888888888878