4 0.43916666666666665 0.49053240740740733 0.16159722222222223 0.10236111111111121
0 0.6014062499999999 0.5467418981481481 0.02385416666666664 0.019097222222222144
0 0.60265625 0.4974884259259259 0.03642361111111114 0.022407407407407477
1 0.6017708333333334 0.527980324074074 0.022222222222222143 0.015949074074073977
6 0.6318229166666667 0.5087789351851851 0.027256944444444466 0.031643518518518474
6 0.5680381944444445 0.5222280092592593 0.05874999999999986 0.11333333333333329
6 0.30859375 0.7691203703703704 0.21006944444444448 0.456087962962963
6 0.23744791666666668 0.3458159722222222 0.11798611111111112 0.38912037037037034
6 0.4964756944444444 0.6076909722222222 0.1203819444444445 0.14548611111111107
6 0.4542881944444444 0.7489872685185185 0.07496527777777792 0.14012731481481494
6 0.4184027777777778 0.6111921296296297 0.04201388888888893 0.1333912037037038
6 0.5020486111111111 0.7178009259259259 0.039027777777777925 0.06930555555555565
6 0.44215277777777773 0.871082175925926 0.05406249999999986 0.11326388888888879
6 0.3255034722222222 0.36951967592592594 0.07000000000000002 0.33842592592592596
6 0.4034548611111111 0.3605497685185185 0.07545138888888889 0.16200231481481486
6 0.46265625000000005 0.3870254629629629 0.047534722222222214 0.1006712962962963
6 0.5443749999999999 0.44208333333333333 0.042881944444444285 0.031874999999999966
6 0.5131770833333333 0.4097222222222222 0.04322916666666661 0.047499999999999966
6 0.5727777777777778 0.594837962962963 0.042881944444444466 0.031874999999999966