4 0.5587326388888888 0.5187210648148148 0.18319444444444458 0.09421296296296297
1 0.38517361111111115 0.43657407407407406 0.031736111111111145 0.023032407407407262
6 0.3509375 0.3712962962962963 0.018090277777777785 0.04126157407407405
6 0.38602430555555556 0.40460069444444446 0.035208333333333286 0.0387731481481481
6 0.3572916666666667 0.41134259259259254 0.017951388888888874 0.03501157407407405
6 0.4261805555555556 0.45526620370370374 0.047638888888888786 0.17662037037037043
6 0.3859895833333334 0.473292824074074 0.032326388888888856 0.04959490740740726
6 0.42833333333333334 0.3413773148148148 0.038541666666666606 0.048263888888888926
6 0.6910763888888889 0.36203703703703705 0.4754513888888887 0.24866898148148148
6 0.7977256944444445 0.7000868055555556 0.29565972222222214 0.4480902777777779
6 0.5763541666666667 0.6442708333333333 0.15979166666666664 0.16516203703703702
6 0.5969270833333333 0.7621238425925926 0.114201388888889 0.08072916666666678
6 0.4543576388888889 0.5640335648148148 0.07274305555555553 0.041724537037037025
6 0.47335069444444444 0.6107928240740741 0.044618055555555536 0.04068287037037024
6 0.7368576388888889 0.13891782407407408 0.35315972222222225 0.22540509259259262
6 0.52890625 0.19522569444444446 0.06763888888888889 0.09305555555555553
6 0.48107638888888893 0.22077546296296297 0.027395833333333286 0.03848379629629628