4 0.4374710648148149 0.5062615740740741 0.16886574074074084 0.11182870370370371
0 0.5996296296296297 0.4180787037037037 0.03511574074074062 0.025509259259259308
0 0.6065104166666666 0.46581597222222226 0.025555555555555644 0.01912037037037031
1 0.6074479166666666 0.4447453703703704 0.012685185185185155 0.006435185185185155
6 0.5580729166666667 0.46509837962962963 0.06381944444444443 0.1508796296296296
6 0.3012210648148148 0.23014467592592588 0.23024305555555563 0.44384259259259257
6 0.279849537037037 0.6421469907407408 0.1610185185185185 0.3740972222222222
6 0.43901041666666674 0.6109259259259259 0.14818287037037034 0.09902777777777771
6 0.40003472222222225 0.69234375 0.0894444444444444 0.06692129629629626
6 0.45130787037037035 0.3143634259259259 0.09886574074074073 0.2794675925925926
6 0.5322222222222223 0.35695023148148153 0.058379629629629545 0.07270833333333329
6 0.5772395833333334 0.3740162037037037 0.02436342592592595 0.031597222222222145
6 0.5209722222222222 0.2935300925925926 0.0393518518518519 0.06305555555555556
6 0.6319212962962963 0.4536979166666667 0.025925925925925953 0.03162037037037031
6 0.4334606481481481 0.13370949074074073 0.04785879629629619 0.0866087962962963
6 0.5131655092592593 0.4253877314814815 0.029837962962962906 0.058229166666666644