4 0.4524247685185186 0.5179976851851851 0.16153935185185198 0.12135416666666679
1 0.6225115740740741 0.5336516203703704 0.03144675925925924 0.030787037037037022
6 0.2600462962962963 0.7049768518518518 0.343587962962963 0.27309027777777767
6 0.2143229166666667 0.28857060185185185 0.3161458333333334 0.5729745370370372
6 0.4411921296296296 0.36791087962962965 0.1859259259259259 0.1908564814814815
6 0.4071180555555555 0.21385995370370373 0.11641203703703713 0.12280092592592595
6 0.3754050925925926 0.09965277777777778 0.08148148148148149 0.1121527777777778
6 0.46686342592592595 0.643258101851852 0.0954629629629629 0.13761574074074084
6 0.21813657407407408 0.9151909722222221 0.21624999999999997 0.1696180555555557
6 0.3579629629629629 0.8839988425925928 0.0834027777777778 0.09195601851851834
6 0.4533969907407407 0.7448784722222223 0.05756944444444443 0.07696759259259256
6 0.5407002314814815 0.6132523148148149 0.05094907407407412 0.07048611111111107
6 0.5700868055555556 0.5566550925925926 0.061967592592592526 0.045949074074074045
6 0.5609780092592592 0.4292534722222222 0.06855324074074076 0.18339120370370363
6 0.6074594907407407 0.4769675925925926 0.04543981481481474 0.08275462962962976
6 0.6152604166666666 0.5559895833333334 0.03861111111111111 0.02013888888888893
6 0.5784664351851851 0.592824074074074 0.0315393518518519 0.032349537037037024