4 0.5225694444444444 0.5171238425925926 0.07684027777777783 0.15052083333333321
1 0.5009548611111111 0.3655497685185185 0.016319444444444286 0.01643518518518521
0 0.5164583333333332 0.344386574074074 0.013402777777777786 0.02096064814814813
6 0.26407986111111115 0.7442997685185185 0.475 0.37538194444444456
6 0.7396701388888889 0.7365856481481481 0.5206597222222221 0.3268750000000001
6 0.6512847222222222 0.5237615740740741 0.18791666666666665 0.15939814814814818
6 0.8028993055555557 0.534693287037037 0.11381944444444443 0.1056712962962962
6 0.5190277777777779 0.40219907407407407 0.1669791666666665 0.07413194444444446
6 0.6221527777777778 0.4320891203703704 0.11638888888888879 0.023182870370370524
6 0.6257291666666667 0.40684606481481483 0.04812499999999993 0.030555555555555537
6 0.35717013888888893 0.5131712962962963 0.26097222222222227 0.11953703703703696
6 0.3982986111111111 0.43429976851851854 0.09347222222222218 0.06876157407407409
6 0.20470486111111114 0.5359548611111111 0.08458333333333332 0.07921296296296294
6 0.3267013888888889 0.44427662037037036 0.04861111111111107 0.04149305555555553
6 0.47489583333333335 0.3606365740740741 0.025833333333333285 0.020046296296296263
6 0.4878125 0.33412615740740736 0.012916666666666642 0.010023148148148132
6 0.42355902777777776 0.38600694444444444 0.03548611111111111 0.026782407407407404