4 0.5632465277777777 0.47081597222222216 0.2197222222222223 0.1328935185185184
0 0.3875868055555556 0.41216435185185185 0.03273148148148151 0.026620370370370416
0 0.38783564814814814 0.36853587962962964 0.04219907407407408 0.02866898148148147
0 0.3908449074074074 0.31775462962962964 0.037418981481481414 0.02686342592592599
0 0.39619791666666665 0.26685185185185184 0.03328703703703706 0.035995370370370414
6 0.3656539351851852 0.3354166666666667 0.02833333333333332 0.05754629629629626
6 0.4348263888888889 0.3115798611111111 0.08003472222222215 0.3779976851851853
6 0.643287037037037 0.20607060185185183 0.36030092592592594 0.41214120370370366
6 0.6514525462962963 0.7435127314814814 0.25993055555555566 0.4434027777777777
6 0.7222106481481482 0.4563425925925926 0.12790509259259258 0.13436342592592593
6 0.4837731481481482 0.6159085648148148 0.10034722222222214 0.1687615740740739
6 0.4301793981481482 0.5345717592592593 0.041759259259259274 0.07381944444444458
6 0.5307175925925927 0.6648784722222223 0.13439814814814816 0.2702199074074073