4 0.46350694444444446 0.6880844907407407 0.10083333333333329 0.20224537037037038
0 0.4400115740740741 0.5064525462962963 0.03152777777777764 0.06729166666666657
0 0.5144328703703703 0.5069444444444444 0.03384259259259252 0.051851851851851906
5 0.5098206018518519 0.4447627314814815 0.011909722222222285 0.01939814814814813
6 0.2546643518518518 0.7258622685185185 0.32546296296296295 0.2685185185185185
6 0.6954340277777777 0.7794097222222222 0.39265046296296297 0.27250000000000013
6 0.6519849537037038 0.634994212962963 0.2708564814814814 0.05655092592592581
6 0.4747366898148148 0.9271383101851851 0.9494733796296296 0.1457233796296297
6 0.4528472222222222 0.8332118055555556 0.10362268518518505 0.10583333333333336
6 0.05007233796296297 0.755636574074074 0.10014467592592594 0.19059027777777776
6 0.4771932870370371 0.5752662037037037 0.2284837962962964 0.08052083333333329
6 0.47398148148148145 0.5163020833333334 0.04337962962962969 0.05553240740740737
6 0.46325231481481477 0.4662962962962963 0.025219907407407406 0.03576388888888893