3 0.5028935185185185 0.4644097222222222 0.1075810185185185 0.08200231481481488
4 0.6744212962962963 0.5031597222222223 0.1935185185185185 0.08263888888888893
6 0.4684606481481481 0.6741956018518518 0.05393518518518512 0.05349537037037031
6 0.511255787037037 0.5878414351851852 0.07974537037037041 0.14894675925925932
6 0.644357638888889 0.6348958333333334 0.2064814814814815 0.17331018518518526
6 0.6901909722222223 0.8109201388888888 0.12748842592592596 0.1820949074074072
6 0.6173321759259259 0.7549421296296297 0.07650462962962976 0.06303240740740748
6 0.8682581018518519 0.6117881944444444 0.2634837962962962 0.7754050925925926
6 0.6601851851851851 0.41638310185185184 0.19965277777777785 0.08112268518518526
6 0.6905092592592592 0.34086805555555555 0.12025462962962959 0.06335648148148146
6 0.7252025462962963 0.8608246527777779 0.13946759259259256 0.2783506944444444
6 0.7464988425925926 0.6434606481481482 0.06979166666666678 0.1410648148148148
6 0.4761574074074074 0.6094444444444445 0.05798611111111107 0.06601851851851848