4 0.24482060185185187 0.49609375 0.43565972222222227 0.20625
6 0.5242418981481481 0.68515625 0.04248842592592581 0.0578125
6 0.5024710648148148 0.65703125 0.04949074074074069 0.096875
6 0.4700925925925926 0.61015625 0.0837037037037037 0.146875
6 0.20883101851851854 0.6515625 0.4176620370370371 0.10625
6 0.18711516203703704 0.7515625 0.3742303240740741 0.0796875
6 0.1342476851851852 0.89765625 0.2684953703703704 0.2046875
6 0.1809403935185185 0.27578125 0.361880787037037 0.240625
6 0.13060474537037037 0.08046875 0.26120949074074074 0.14375
6 0.3890104166666667 0.33046875 0.09996527777777775 0.13125
6 0.4765740740740741 0.50078125 0.048657407407407406 0.0828125
6 0.28501157407407407 0.12109375 0.047094907407407405 0.0828125