4 0.379994212962963 0.503125 0.22153935185185186 0.1140625
6 0.5416145833333333 0.47109375 0.05847222222222222 0.103125
6 0.15747685185185184 0.43046875 0.2743287037037037 0.8609375
6 0.3361805555555556 0.32109375 0.14232638888888882 0.24375
6 0.45495370370370375 0.396875 0.12032407407407408 0.090625
6 0.38077546296296294 0.60859375 0.21407407407407408 0.090625
6 0.3399594907407407 0.6953125 0.13390046296296293 0.08125
6 0.3270775462962963 0.76328125 0.06821759259259261 0.05
6 0.5152314814814816 0.5046875 0.045057870370370526 0.115625
6 0.5248090277777778 0.403125 0.026782407407407404 0.034375
6 0.4366782407407408 0.315625 0.06736111111111107 0.09375
6 0.48575231481481485 0.34296875 0.01627314814814813 0.0125
6 0.30986689814814816 0.16015625 0.10157407407407408 0.090625
6 0.2842650462962963 0.08828125 0.06072916666666668 0.05625