4 0.2846180555555556 0.4848958333333333 0.22836805555555556 0.3069791666666667
0 0.25026041666666665 0.20630208333333333 0.040625 0.0729166666666667
3 0.1457986111111111 0.2234375 0.06180555555555554 0.11333333333333337
1 0.03857638888888889 0.2923958333333333 0.056770833333333326 0.09739583333333339
6 0.39984375 0.8113020833333333 0.763125 0.3597916666666666
6 0.08965277777777778 0.5135416666666666 0.15875 0.33354166666666674
6 0.47015624999999994 0.48973958333333334 0.13975694444444428 0.3213541666666666
6 0.6171354166666667 0.5550520833333333 0.12569444444444428 0.18000000000000008
6 0.24934027777777779 0.30572916666666666 0.3513194444444444 0.08270833333333334
6 0.09005208333333332 0.24984374999999998 0.038402777777777786 0.04312500000000004
6 0.20557291666666666 0.23744791666666668 0.04215277777777775 0.07145833333333336
6 0.04140625 0.17328125 0.019062500000000003 0.015312500000000017
6 0.0967361111111111 0.19854166666666667 0.03690972222222224 0.04614583333333337