4 0.49296875 0.57421875 0.09765625 0.15546875
0 0.49296875 0.37890625 0.0109375 0.01875
6 0.4359375 0.37734375 0.03203125 0.0375
6 0.5859375 0.4421875 0.3015625 0.09765625
6 0.7703125 0.6765625 0.459375 0.37265625
6 0.8375 0.46328125 0.1953125 0.0734375
6 0.22421875 0.73515625 0.434375 0.25078125
6 0.49453125 0.75859375 0.11484375 0.20546875
6 0.340625 0.54765625 0.20703125 0.103125
6 0.4 0.46640625 0.0796875 0.0578125
6 0.2 0.578125 0.0828125 0.07109375
6 0.46796875 0.3796875 0.03046875 0.0296875