4 0.5156539351851851 0.6564814814814814 0.11020833333333328 0.23982638888888896
1 0.7119039351851851 0.4229456018518518 0.03650462962962955 0.07212962962962965
2 0.7756828703703704 0.3865277777777778 0.02942129629629626 0.04395833333333332
2 0.6693402777777777 0.3841898148148148 0.018159722222222285 0.032939814814814825
6 0.609548611111111 0.6870428240740741 0.11005787037037038 0.6038078703703704
6 0.7031018518518518 0.7324537037037037 0.1093055555555555 0.5256944444444445
6 0.7806886574074074 0.7928298611111112 0.06506944444444436 0.4035185185185185
6 0.8402256944444446 0.7978587962962963 0.05302083333333343 0.3659374999999999
6 0.9179456018518518 0.8363541666666666 0.10300925925925916 0.31319444444444466
6 0.9801157407407407 0.870167824074074 0.03976851851851855 0.22077546296296297
6 0.929050925925926 0.4501909722222222 0.1418981481481481 0.15738425925925928
6 0.3475462962962963 0.7585300925925925 0.24385416666666657 0.47982638888888884
6 0.5200925925925926 0.8854050925925925 0.10501157407407398 0.22260416666666671
6 0.13019097222222223 0.83359375 0.21597222222222223 0.3296527777777779
6 0.18026041666666665 0.6245833333333334 0.10296296296296296 0.10074074074074062
6 0.43572337962962965 0.49063078703703705 0.24578703703703705 0.07055555555555557
6 0.5043923611111112 0.43464120370370374 0.10332175925925924 0.06012731481481488
6 0.7968113425925927 0.44028935185185186 0.12239583333333322 0.0712037037037037
6 0.8345312500000001 0.3946875 0.06379629629629627 0.044212962962962975
6 0.6685706018518518 0.4373321759259259 0.03576388888888893 0.04712962962962948