4 0.4799305555555556 0.605 0.10472222222222224 0.16604166666666664
0 0.5432928240740741 0.4479687500000001 0.019444444444444466 0.024687499999999928
0 0.49414351851851845 0.44234375000000004 0.02293981481481495 0.03739583333333343
1 0.5245659722222222 0.4459375 0.01627314814814813 0.022916666666666786
6 0.5067187499999999 0.41421875 0.032037037037036954 0.028645833333333214
6 0.5173206018518519 0.47911458333333334 0.11416666666666657 0.06374999999999993
6 0.7524421296296296 0.76015625 0.459050925925926 0.2302083333333332
6 0.3263946759259259 0.79359375 0.3907407407407407 0.1352083333333333
6 0.599519675925926 0.5581770833333334 0.14722222222222214 0.12677083333333333
6 0.7388020833333334 0.6128645833333334 0.14119212962962954 0.08114583333333343
6 0.5995486111111111 0.6364583333333333 0.13396990740740744 0.04791666666666679
6 0.7097685185185185 0.5623958333333332 0.06986111111111129 0.04208333333333343
6 0.8602372685185184 0.6358333333333333 0.11402777777777758 0.05906249999999993
6 0.35398726851851847 0.7077604166666667 0.3393518518518519 0.08500000000000014
6 0.34848958333333335 0.6291145833333334 0.16306712962962963 0.08260416666666667
6 0.37756944444444446 0.57234375 0.1013425925925926 0.051979166666666646
6 0.43620370370370376 0.495625 0.03249999999999993 0.04427083333333339
6 0.40248842592592593 0.52390625 0.04812499999999993 0.0453125
6 0.5900694444444444 0.48083333333333333 0.03249999999999993 0.04427083333333322