4 0.651417824074074 0.47423032407407406 0.17883101851851854 0.104548611111111
2 0.5216840277777777 0.791232638888889 0.0847337962962964 0.05281249999999993
6 0.38816550925925924 0.17526041666666664 0.00988425925925931 0.06923611111111114
6 0.8539351851851851 0.4808680555555555 0.29212962962962974 0.961736111111111
6 0.6448263888888889 0.744988425925926 0.16261574074074084 0.4457638888888889
6 0.5459722222222222 0.48282407407407407 0.06969907407407412 0.5534027777777778
6 0.6445023148148149 0.27920138888888885 0.1317592592592593 0.28641203703703705
6 0.4087962962962964 0.2171759259259259 0.01436342592592581 0.04135416666666671
6 0.49855324074074064 0.41181712962962963 0.03716435185185176 0.3783449074074074
6 0.47229166666666667 0.3483101851851852 0.03613425925925924 0.23928240740740742
6 0.44454861111111105 0.29582175925925924 0.018182870370370453 0.1352662037037037
6 0.42777777777777787 0.24745370370370373 0.009699074074073976 0.04423611111111114