4 0.6882233796296295 0.5097569444444444 0.2183217592592591 0.07504629629629633
1 0.46295717592592595 0.42289930555555555 0.05222222222222221 0.03824074074074062
0 0.4173900462962963 0.36524305555555553 0.03373842592592595 0.016111111111111142
6 0.850300925925926 0.7737037037037038 0.299398148148148 0.45259259259259255
6 0.8894010416666667 0.42476273148148147 0.22119791666666658 0.2503935185185185
6 0.680150462962963 0.43938657407407405 0.2099537037037038 0.0655555555555555
6 0.6357175925925926 0.6643113425925925 0.13907407407407407 0.2393518518518519
6 0.6689236111111111 0.8295023148148146 0.07743055555555571 0.09481481481481495
6 0.5481655092592593 0.543587962962963 0.07638888888888892 0.23530092592592594
6 0.5009490740740741 0.4976157407407408 0.043888888888889 0.10836805555555565
6 0.47197916666666667 0.4565972222222222 0.012326388888888928 0.02359953703703699
6 0.44704282407407414 0.39144097222222224 0.029606481481481595 0.025416666666666643