4 0.3565625 0.5183449074074075 0.15592592592592594 0.10555555555555554
5 0.48785879629629625 0.7344618055555555 0.05590277777777786 0.04884259259259256
5 0.5087557870370369 0.6003761574074075 0.034768518518518476 0.060532407407407264
5 0.4488831018518519 0.616087962962963 0.044513888888888964 0.06712962962962958
5 0.5025347222222222 0.3506944444444445 0.02740740740740737 0.04155092592592595
5 0.4559085648148148 0.28738425925925926 0.04689814814814817 0.054745370370370416
5 0.5220717592592592 0.46990740740740744 0.030902777777777855 0.04791666666666679
5 0.48791666666666667 0.4460358796296296 0.038263888888888785 0.0668981481481481
6 0.1991435185185185 0.778125 0.3323611111111111 0.44375
6 0.18686342592592592 0.23298611111111112 0.3612268518518519 0.46550925925925923
6 0.1592708333333333 0.5040219907407407 0.26265046296296296 0.1438078703703704
6 0.3946064814814815 0.2921296296296297 0.08067129629629637 0.36157407407407405
6 0.3874884259259259 0.7245081018518519 0.0947106481481482 0.3090856481481481
6 0.39446180555555554 0.907957175925926 0.054166666666666696 0.07216435185185191