4 0.48112268518518525 0.5732986111111111 0.10527777777777772 0.18034722222222221
4 0.6521469907407408 0.36104166666666665 0.032453703703703596 0.041319444444444464
1 0.9175983796296296 0.41369791666666667 0.02574074074074062 0.025555555555555644
6 0.8925347222222222 0.3900520833333333 0.027210648148147953 0.022465277777777716
6 0.8907581018518519 0.42366319444444445 0.023078703703703594 0.04111111111111114
6 0.9423611111111111 0.44749999999999995 0.08259259259259259 0.04711805555555557
6 0.9471701388888889 0.41694444444444445 0.01935185185185162 0.020729166666666642
6 0.704212962962963 0.3692534722222222 0.048078703703703596 0.0416666666666667
6 0.7604340277777778 0.3953298611111111 0.06030092592592595 0.03256944444444443
6 0.7478472222222222 0.3721875 0.03994212962962962 0.030555555555555537
6 0.8163368055555555 0.4057986111111111 0.04458333333333329 0.029097222222222285
6 0.8611400462962961 0.4219791666666667 0.032037037037036954 0.027256944444444466
6 0.8442303240740742 0.41298611111111116 0.01636574074074062 0.025347222222222143
6 0.21656828703703704 0.6200173611111112 0.4331365740740741 0.43795138888888874
6 0.4873611111111112 0.7316493055555556 0.12802083333333342 0.15743055555555543
6 0.5774537037037037 0.7476041666666667 0.060138888888888964 0.13249999999999992
6 0.5486458333333333 0.6131770833333333 0.03668981481481488 0.07888888888888897
6 0.391087962962963 0.39729166666666665 0.36150462962962954 0.07986111111111108
6 0.4923611111111111 0.4574999999999999 0.11692129629629626 0.04631944444444436
6 0.4701909722222222 0.3361979166666667 0.18447916666666675 0.06031250000000003
6 0.5978530092592592 0.34897569444444443 0.07386574074074073 0.06878472222222225
6 0.33710069444444446 0.3485243055555555 0.0787268518518518 0.02204861111111107