3 0.505150462962963 0.5122395833333334 0.10011574074074084 0.04805555555555543
1 0.48188657407407404 0.7237847222222221 0.06597222222222214 0.04965277777777786
4 0.6765335648148149 0.5237499999999999 0.23900462962962976 0.11496527777777779
6 0.5708043981481482 0.6522048611111111 0.10734953703703702 0.1667361111111111
6 0.4998263888888889 0.650607638888889 0.05 0.08631944444444457
6 0.8152633101851852 0.6876562500000001 0.3694733796296298 0.22444444444444436
6 0.8940248842592592 0.8243402777777777 0.21195023148148168 0.07111111111111121
6 0.892332175925926 0.40564236111111107 0.2153356481481481 0.35531250000000014
6 0.7026041666666666 0.3606076388888889 0.1512731481481481 0.23409722222222218
6 0.591579861111111 0.42809027777777775 0.08443287037037024 0.06760416666666665
6 0.7328125 0.20076388888888888 0.13234953703703703 0.08375000000000003