4 0.5555208333333332 0.46964699074074073 0.18136574074074083 0.11861111111111118
1 0.38804398148148145 0.5407349537037037 0.019305555555555555 0.019722222222222287
6 0.3952662037037037 0.5075983796296296 0.045185185185185175 0.050706018518518546
6 0.4260069444444444 0.5231655092592593 0.05840277777777771 0.1808796296296297
6 0.6566782407407408 0.7413194444444444 0.32399305555555563 0.45674768518518505
6 0.7355324074074074 0.26012731481481477 0.17581018518518512 0.5202546296296295
6 0.5858391203703703 0.3151851851851852 0.15270833333333336 0.20449074074074075
6 0.6157465277777778 0.1482638888888889 0.08201388888888879 0.13530092592592596
6 0.4696527777777778 0.3664525462962963 0.06905092592592599 0.11902777777777773
6 0.4186979166666667 0.42759837962962965 0.025462962962962975 0.01692129629629626
6 0.4720023148148148 0.6557291666666666 0.07459490740740744 0.2534837962962964
6 0.4196412037037037 0.6327025462962963 0.03268518518518526 0.05005787037037042
6 0.4800289351851852 0.8323842592592593 0.03752314814814817 0.10803240740740741
6 0.4522569444444445 0.7956018518518518 0.02436342592592595 0.032465277777777676
6 0.42677662037037034 0.6814756944444444 0.020462962962962905 0.05878472222222229