4 0.6213252314814814 0.4790277777777778 0.18306712962962965 0.10322916666666657
2 0.47321180555555553 0.7950520833333333 0.08688657407407412 0.05218749999999996
6 0.37659143518518523 0.178125 0.01293981481481481 0.06916666666666664
6 0.8278182870370371 0.48348958333333336 0.3435532407407408 0.9669791666666667
6 0.5987152777777778 0.7497222222222222 0.18206018518518513 0.4445833333333333
6 0.5156944444444445 0.4868402777777778 0.09414351851851847 0.5529166666666667
6 0.6259837962962963 0.28395833333333337 0.1441898148148148 0.2854513888888889
6 0.39467592592592593 0.22019097222222223 0.01616898148148147 0.04124999999999997
6 0.4726273148148149 0.4154861111111111 0.053900462962963046 0.37809027777777776
6 0.4502083333333333 0.3517881944444444 0.046689814814814844 0.23902777777777776
6 0.4256597222222222 0.29909722222222224 0.02415509259259263 0.13513888888888886
6 0.41180555555555554 0.2506076388888889 0.011643518518518548 0.044166666666666646