0 0.41495949074074073 0.4759375 0.04185185185185194 0.07371527777777764
2 0.3538715277777778 0.5044039351851852 0.027326388888888876 0.06579861111111107
2 0.27532407407407405 0.5241435185185186 0.03495370370370372 0.06273148148148149
4 0.46285300925925926 0.6701273148148148 0.09348379629629626 0.2334027777777777
6 0.6751851851851851 0.5294502314814815 0.47740740740740756 0.04414351851851848
6 0.704832175925926 0.6226793981481482 0.39490740740740726 0.12787037037037036
6 0.7177372685185185 0.8533449074074074 0.4592939814814816 0.23923611111111107
6 0.36454861111111114 0.8913715277777777 0.24731481481481482 0.16738425925925923
6 0.356880787037037 0.6646527777777778 0.13328703703703706 0.2461921296296296
6 0.18657407407407406 0.5445891203703704 0.08678240740740742 0.04125000000000014
6 0.26858796296296295 0.6905729166666668 0.053125 0.21123842592592582
6 0.3157233796296296 0.5150636574074074 0.03706018518518519 0.04556712962962965