1 0.31796875 0.6171875 0.215625 0.27578125
4 0.49375 0.58125 0.11015625 0.17890625
2 0.50546875 0.45546875 0.03671875 0.0640625
2 0.6578125 0.440625 0.0265625 0.0671875
1 0.73984375 0.50390625 0.08125 0.1015625
6 0.896875 0.4890625 0.20625 0.11328125
6 0.36015625 0.7671875 0.7046875 0.09453125
6 0.5609375 0.6875 0.265625 0.05859375
6 0.6234375 0.58046875 0.14140625 0.16015625
6 0.71953125 0.58046875 0.04375 0.04140625
6 0.10625 0.62734375 0.2046875 0.1890625
6 0.171875 0.51015625 0.08046875 0.03984375
6 0.434375 0.4640625 0.1015625 0.03515625
6 0.328125 0.46796875 0.1078125 0.01875
6 0.58515625 0.46640625 0.11015625 0.0515625
6 0.74140625 0.4421875 0.10390625 0.0234375
6 0.66953125 0.4828125 0.05 0.0234375