0 0.46362847222222225 0.46889467592592593 0.030555555555555537 0.06666666666666679
3 0.39519675925925923 0.45387731481481486 0.03067129629629637 0.06979166666666678
3 0.30552662037037037 0.45523726851851853 0.05665509259259256 0.09728009259259256
1 0.23107638888888893 0.42517361111111107 0.034317129629629586 0.04184027777777786
6 0.4953125 0.8894675925925926 0.5521990740740741 0.22106481481481488
6 0.24629629629629632 0.6886574074074074 0.4373842592592593 0.18159722222222213
6 0.1261863425925926 0.8792534722222222 0.19594907407407405 0.23506944444444428
6 0.6308738425925926 0.7083622685185185 0.14027777777777786 0.16435185185185192
6 0.35813078703703705 0.56953125 0.3826967592592593 0.1374421296296296
6 0.5795717592592593 0.5870949074074074 0.06788194444444447 0.06336805555555554
6 0.18431712962962962 0.3633680555555555 0.06377314814814819 0.03668981481481488
6 0.22583912037037038 0.3890914351851852 0.11064814814814819 0.038425925925925954
6 0.3564525462962963 0.4610243055555555 0.034664351851851904 0.09334490740740745
6 0.4296296296296296 0.47777777777777775 0.027083333333333216 0.05717592592592595
6 0.2442708333333333 0.48651620370370374 0.06799768518518512 0.06649305555555554