3 0.59859375 0.38418402777777777 0.03833333333333329 0.03777777777777773
4 0.41845486111111113 0.5086516203703704 0.14624999999999985 0.11356481481481495
6 0.5924479166666666 0.3442881944444444 0.060104166666666715 0.03325231481481481
6 0.6055381944444445 0.317818287037037 0.019166666666666644 0.018888888888888823
6 0.5396180555555555 0.43609953703703697 0.07513888888888882 0.1474074074074075
6 0.5214756944444444 0.5492650462962964 0.062638888888889 0.0770138888888889
6 0.24348958333333331 0.5748842592592592 0.17204861111111108 0.8502314814814815
6 0.39958333333333335 0.6546296296296296 0.17256944444444447 0.17312499999999992
6 0.3783159722222222 0.8029340277777777 0.1276736111111111 0.12123842592592596
6 0.3520138888888889 0.9316666666666666 0.08114583333333333 0.13651620370370382
6 0.5211111111111111 0.3546990740740741 0.045763888888888896 0.020648148148148148
6 0.40960069444444447 0.37965856481481486 0.171875 0.14187500000000003
6 0.36913194444444447 0.26684027777777775 0.08319444444444439 0.08810185185185179
6 0.4389930555555555 0.28767361111111106 0.05409722222222228 0.04414351851851848
6 0.5137847222222222 0.3327662037037037 0.023784722222222145 0.015798611111111072