4 0.5847511574074075 0.4957233796296297 0.16724537037037024 0.11060185185185176
0 0.42125 0.5875694444444445 0.03474537037037031 0.025254629629629478
0 0.4150752314814815 0.5399537037037037 0.025277777777777823 0.018935185185185156
1 0.41382523148148154 0.5610590277777778 0.012592592592592666 0.006342592592592666
6 0.4635127314814815 0.5395949074074073 0.06159722222222221 0.1504398148148148
6 0.7169386574074074 0.7689930555555555 0.22371527777777783 0.44223379629629633
6 0.7444212962962963 0.35624421296296294 0.15550925925925937 0.37298611111111113
6 0.5847627314814815 0.39102430555555556 0.14674768518518527 0.09795138888888895
6 0.6249537037037036 0.3086863425925926 0.08847222222222229 0.06627314814814814
6 0.5680671296296296 0.6880555555555555 0.09474537037037045 0.2787962962962963
6 0.4877662037037037 0.6472395833333333 0.05731481481481495 0.07229166666666664
6 0.44299189814814816 0.6311631944444445 0.023900462962962978 0.03142361111111107
6 0.49807870370370366 0.7104513888888888 0.038425925925925954 0.06277777777777764
6 0.38947916666666665 0.5526446759259259 0.025462962962962975 0.031435185185185156
6 0.5832407407407407 0.868431712962963 0.0465856481481481 0.08627314814814824
6 0.5078414351851852 0.5783333333333334 0.028981481481481452 0.05802083333333332