4 0.48083333333333333 0.6616898148148149 0.12927083333333336 0.20053240740740746
3 0.48212962962962963 0.5123784722222222 0.06574074074074084 0.11122685185185191
6 0.18969907407407408 0.45914351851851853 0.06747685185185186 0.06444444444444439
6 0.24863425925925925 0.47574652777777776 0.04831018518518526 0.04982638888888893
6 0.29505787037037035 0.545150462962963 0.19951388888888885 0.09489583333333336
6 0.3125347222222222 0.483113425925926 0.07459490740740744 0.04123842592592588
6 0.4099710648148148 0.5462094907407408 0.025937499999999857 0.08506944444444446
6 0.2695601851851852 0.719548611111111 0.29513888888888895 0.26633101851851854
6 0.6094675925925925 0.7538599537037036 0.14379629629629634 0.2165740740740741
6 0.4877314814814815 0.9140625 0.975462962962963 0.171875
6 0.7132581018518518 0.7608449074074073 0.06777777777777771 0.17997685185185192
6 0.7876331018518519 0.7841608796296297 0.09129629629629613 0.1307175925925927
6 0.8937615740740741 0.8178009259259259 0.11766203703703688 0.07217592592592581
6 0.06525752314814814 0.78609375 0.1305150462962963 0.09777777777777778
6 0.0878298611111111 0.7039988425925926 0.08310185185185186 0.06490740740740737
6 0.10962384259259259 0.6546006944444445 0.038425925925925905 0.032361111111111104