0 0.40429398148148155 0.49307291666666664 0.03844907407407412 0.07104166666666671
3 0.46210648148148153 0.4969270833333333 0.05094907407407412 0.071875
3 0.529386574074074 0.50296875 0.057673611111111 0.10656250000000007
6 0.2561400462962963 0.80234375 0.4406134259259259 0.3953125
6 0.6138541666666667 0.9070833333333332 0.28768518518518515 0.18583333333333343
6 0.3361863425925926 0.5912499999999999 0.2577546296296296 0.09499999999999993
6 0.17663194444444447 0.5907291666666667 0.07245370370370371 0.06708333333333343
6 0.6119039351851852 0.4641145833333333 0.11482638888888878 0.07302083333333335
6 0.3535243055555556 0.5161458333333334 0.07097222222222221 0.04208333333333343
6 0.4500405092592592 0.5428124999999999 0.1061689814814816 0.03197916666666671
6 0.4917939814814815 0.49890624999999994 0.01905092592592581 0.058854166666666784
6 0.5770081018518518 0.5318229166666667 0.03283564814814817 0.05510416666666664