6 0.37843171296296296 0.34222222222222226 0.02914351851851844 0.035208333333333286
6 0.4224884259259259 0.37766782407407407 0.0668287037037036 0.042569444444444396
6 0.437962962962963 0.4249074074074074 0.04486111111111111 0.03879629629629626
6 0.5088020833333333 0.41420717592592593 0.04486111111111111 0.03879629629629626
6 0.5420196759259259 0.4796875 0.26664351851851864 0.04224537037037042
6 0.4217476851851852 0.5637905092592593 0.05177083333333332 0.11393518518518526
6 0.3769444444444444 0.6878819444444444 0.13046296296296295 0.1880787037037038
6 0.7098958333333334 0.5771469907407407 0.2503935185185185 0.12606481481481477
6 0.8005410879629629 0.699230324074074 0.39891782407407417 0.17173611111111117
6 0.6583159722222222 0.4989178240740741 0.15248842592592596 0.03574074074074076
6 0.5483333333333332 0.45526041666666667 0.15570601851851862 0.03895833333333343
6 0.7221006944444445 0.8821064814814814 0.5557986111111111 0.21087962962962975
6 0.23498263888888887 0.8844444444444445 0.4187962962962962 0.224722222222222
6 0.2641087962962963 0.732667824074074 0.11954861111111112 0.08315972222222215