4 0.44732638888888887 0.5149363425925927 0.16434027777777782 0.0813310185185184
0 0.5769618055555557 0.2542824074074074 0.11972222222222229 0.0956134259259259
1 0.6333506944444445 0.6101736111111111 0.02312499999999993 0.02877314814814813
6 0.2682986111111111 0.34890625000000003 0.21159722222222221 0.6881828703703704
6 0.4258680555555555 0.2427835648148148 0.17361111111111108 0.465474537037037
6 0.6626909722222222 0.6032407407407406 0.019861111111111107 0.025555555555555644
6 0.6550347222222223 0.6240798611111111 0.006076388888888928 0.031388888888889
6 0.6330381944444444 0.6382523148148149 0.041874999999999926 0.029328703703703597
6 0.5620138888888888 0.4621585648148148 0.10777777777777793 0.31840277777777787
6 0.44723958333333336 0.6007581018518519 0.15430555555555542 0.10131944444444443
6 0.6227430555555555 0.5294965277777777 0.048680555555555574 0.11223379629629626