4 0.5250578703703704 0.6195138888888889 0.10486111111111107 0.21849537037037034
3 0.5668402777777779 0.4383912037037037 0.03987268518518512 0.06517361111111111
6 0.448755787037037 0.861099537037037 0.8421875 0.27780092592592603
6 0.9105613425925927 0.8708796296296297 0.09398148148148167 0.17759259259259252
6 0.6432581018518518 0.6433854166666666 0.14351851851851852 0.16657407407407412
6 0.7501157407407407 0.6777604166666666 0.08304398148148148 0.09298611111111121
6 0.2798611111111111 0.6932581018518519 0.3942708333333333 0.11001157407407405
6 0.396875 0.5795138888888889 0.1596064814814815 0.09525462962962976
6 0.27980324074074076 0.6072280092592592 0.07690972222222223 0.05378472222222221
6 0.5166956018518519 0.47820023148148144 0.17193287037037025 0.04879629629629641
6 0.6037905092592593 0.5280208333333334 0.06336805555555554 0.06743055555555558
6 0.5219618055555555 0.4303356481481481 0.046354166666666786 0.029467592592592594
6 0.6525752314814814 0.5359606481481481 0.03668981481481488 0.06351851851851861