4 0.6921875 0.48777777777777775 0.43718749999999995 0.21565972222222224
6 0.4141666666666667 0.30517361111111113 0.042916666666666714 0.058680555555555534
6 0.43572916666666667 0.33277777777777773 0.05020833333333332 0.09784722222222228
6 0.4677604166666667 0.3788715277777778 0.08479166666666664 0.14854166666666666
6 0.7502083333333334 0.33125 0.4602083333333333 0.11631944444444446
6 0.7725000000000001 0.23090277777777776 0.4161458333333334 0.08725694444444443
6 0.8353645833333333 0.09473958333333334 0.32927083333333335 0.18947916666666667
6 0.7603125000000001 0.70625 0.3754166666666666 0.24861111111111106
6 0.8051041666666666 0.9002777777777778 0.2658333333333335 0.14944444444444435
6 0.5467708333333333 0.6563888888888889 0.10093750000000004 0.13329861111111113
6 0.4604687500000001 0.4882465277777778 0.049270833333333285 0.08378472222222229
6 0.64921875 0.8631770833333334 0.04770833333333328 0.08374999999999985