1 0.6643518518518519 0.47039930555555554 0.29627314814814804 0.10607638888888893
2 0.41995949074074074 0.4771122685185185 0.03254629629629626 0.02303240740740744
2 0.41760416666666667 0.5037037037037038 0.03180555555555564 0.01053240740740744
2 0.4185995370370371 0.539525462962963 0.025925925925925953 0.01655092592592595
6 0.46015046296296297 0.5223958333333333 0.06331018518518512 0.17384259259259255
6 0.8764988425925926 0.6394965277777778 0.19182870370370358 0.6587962962962963
6 0.6357465277777778 0.6242476851851851 0.3342824074074075 0.22129629629629619
6 0.6667129629629629 0.8515046296296298 0.2519444444444446 0.2525462962962962
6 0.5118171296296297 0.808130787037037 0.07607638888888886 0.15248842592592596
6 0.41973958333333333 0.45451388888888894 0.030798611111111106 0.019849537037037023
6 0.4862268518518519 0.4769965277777778 0.05307870370370367 0.10642361111111107