0 0.46281249999999996 0.425462962962963 0.07427083333333329 0.04021990740740744
2 0.4930381944444445 0.3650173611111111 0.06614583333333321 0.025868055555555537
2 0.5150694444444445 0.28692129629629626 0.06319444444444447 0.03356481481481488
4 0.6552430555555555 0.477662037037037 0.2345833333333333 0.08831018518518512
6 0.5085243055555555 0.6868344907407408 0.05118055555555543 0.4765046296296296
6 0.6007118055555555 0.7185474537037038 0.1336111111111112 0.3921296296296296
6 0.8305902777777778 0.736574074074074 0.2458333333333332 0.45405092592592594
6 0.8790104166666668 0.3842881944444444 0.1709027777777777 0.24363425925925924
6 0.6529166666666667 0.37158564814814815 0.24795138888888885 0.12783564814814818
6 0.5381076388888889 0.1986400462962963 0.04250000000000007 0.08587962962962963
6 0.68140625 0.28388310185185184 0.21184027777777778 0.0484375
6 0.5048090277777778 0.3271122685185185 0.046076388888888785 0.03605324074074075