2 0.5281770833333332 0.3869618055555556 0.07062500000000008 0.02965277777777775
2 0.5517708333333333 0.4600347222222222 0.05906249999999993 0.02003472222222218
2 0.5610416666666667 0.5288888888888889 0.03916666666666675 0.025833333333333285
6 0.19244791666666666 0.7570659722222223 0.31333333333333335 0.4406944444444445
6 0.13802083333333331 0.2682986111111111 0.26958333333333334 0.5333333333333334
6 0.3938020833333333 0.38397569444444446 0.22791666666666668 0.18916666666666665
6 0.35046875 0.24883680555555557 0.18562499999999993 0.06965277777777779
6 0.3363541666666666 0.17753472222222225 0.12406249999999996 0.05892361111111111
6 0.37619791666666663 0.6815798611111111 0.09416666666666665 0.265763888888889
6 0.44828124999999996 0.6160937499999999 0.06687499999999993 0.16062499999999993
6 0.5103645833333333 0.5293229166666666 0.05104166666666661 0.11034722222222229
6 0.559375 0.4921875 0.043020833333333286 0.036840277777777784
6 0.5533333333333333 0.42496527777777776 0.0802083333333334 0.03298611111111107
6 0.5830208333333333 0.3788194444444445 0.029062500000000036 0.038090277777777716
6 0.5821875000000001 0.2961111111111111 0.038541666666666786 0.06326388888888887
6 0.5626041666666668 0.2246875 0.025104166666666573 0.04892361111111114