4 0.42756944444444445 0.5160416666666666 0.1538657407407408 0.10680555555555564
1 0.507638888888889 0.3625173611111111 0.07540509259259273 0.05802083333333332
1 0.5640682870370369 0.4463020833333333 0.025115740740740834 0.016736111111111108
1 0.5952662037037036 0.5602256944444445 0.01885416666666657 0.014895833333333285
3 0.5298553240740741 0.7394097222222222 0.020439814814814737 0.018090277777777785
6 0.5641435185185185 0.75265625 0.02526620370370374 0.03704861111111111
6 0.5296238425925927 0.7706597222222221 0.03304398148148149 0.03270833333333343
6 0.5743171296296297 0.6452604166666667 0.03628472222222214 0.04847222222222207
6 0.5520081018518519 0.7028819444444444 0.03789351851851848 0.05479166666666657
6 0.595775462962963 0.5969791666666666 0.047222222222222145 0.048958333333333395
6 0.2952372685185185 0.23428819444444446 0.25952546296296297 0.4535763888888889
6 0.26246527777777773 0.5438715277777778 0.173136574074074 0.17795138888888892
6 0.4808738425925926 0.1776736111111111 0.11793981481481489 0.3176388888888889
6 0.48994212962962963 0.43050347222222224 0.12556712962962954 0.08211805555555554
6 0.4521412037037037 0.36395833333333333 0.04575231481481481 0.061388888888888896
6 0.6097395833333333 0.5053819444444445 0.038124999999999964 0.08604166666666657
6 0.5481655092592593 0.48310763888888886 0.07527777777777764 0.04083333333333332
6 0.560943287037037 0.3406597222222222 0.013865740740740762 0.18493055555555554
6 0.6014409722222223 0.46515625 0.009641203703703739 0.036354166666666646