3 0.49140625 0.5072453703703703 0.053125 0.09689814814814816
3 0.40703125 0.5116203703703703 0.053125 0.07033564814814816
0 0.33671875 0.5027662037037037 0.05 0.087337962962963
6 0.27578125 0.7807291666666666 0.2703125 0.4385416666666668
6 0.52265625 0.9078125 0.2015625 0.184375
6 0.1015625 0.6169560185185186 0.0796875 0.09847222222222225
6 0.2640625 0.5273668981481482 0.0828125 0.03459490740740741
6 0.61015625 0.4494386574074074 0.0828125 0.0439699074074074
6 0.55625 0.5032754629629629 0.065625 0.061701388888888785
6 0.54609375 0.46282986111111113 0.040625 0.01490740740740737
6 0.4484375 0.5070428240740741 0.0125 0.0757407407407408