2 0.5450520833333334 0.4611689814814815 0.09781249999999986 0.045057870370370345
1 0.4819097222222222 0.07907986111111112 0.06312499999999996 0.02997685185185186
4 0.6641840277777777 0.5170081018518518 0.18937500000000007 0.08993055555555571
6 0.8234895833333333 0.7294039351851852 0.24499999999999994 0.344537037037037
6 0.8960069444444445 0.9469936342592593 0.20798611111111107 0.10601273148148138
6 0.6634722222222222 0.6606423611111112 0.04777777777777779 0.18254629629629626
6 0.6078993055555555 0.5840451388888889 0.02635416666666668 0.0616782407407408
6 0.8902864583333333 0.2919907407407408 0.21942708333333344 0.5283564814814815
6 0.6909027777777779 0.24376157407407403 0.21618055555555565 0.4529861111111111
6 0.5438715277777778 0.26751157407407405 0.12305555555555561 0.337800925925926
6 0.5508506944444445 0.0545775462962963 0.064201388888889 0.07841435185185186
6 0.4809722222222222 0.036892361111111105 0.060381944444444356 0.04707175925925926