1 0.0765798611111111 0.49881944444444437 0.12562500000000001 0.1319791666666667
4 0.5216319444444444 0.5494444444444444 0.10775462962962959 0.16083333333333324
3 0.7455729166666666 0.4244965277777778 0.09589120370370381 0.12909722222222228
6 0.7895601851851852 0.6527777777777778 0.42087962962962955 0.2725694444444445
6 0.2984143518518519 0.7252083333333333 0.5584027777777778 0.20270833333333335
6 0.3049942129629629 0.55125 0.3299074074074074 0.1800694444444444
6 0.07970486111111111 0.6042881944444444 0.12372685185185187 0.06791666666666671
6 0.37364004629629627 0.3862673611111111 0.09164351851851862 0.038402777777777786
6 0.35715277777777776 0.4370659722222222 0.3281365740740741 0.06763888888888889
6 0.27773148148148147 0.3967881944444444 0.08842592592592595 0.03513888888888887
6 0.55671875 0.43993055555555555 0.08567129629629626 0.047499999999999966
6 0.8594907407407406 0.49375 0.12951388888888893 0.052569444444444356
6 0.6353356481481482 0.47946180555555556 0.12483796296296283 0.10541666666666671
6 0.7447627314814815 0.5027604166666666 0.09656249999999993 0.04642361111111111
6 0.582019675925926 0.34336805555555555 0.03814814814814813 0.023541666666666662