3 0.4623784722222222 0.6153645833333333 0.12288194444444436 0.06583333333333333
4 0.6236979166666667 0.5469791666666667 0.22190972222222224 0.12072916666666664
6 0.4649305555555555 0.5403125 0.09451388888888879 0.09354166666666668
6 0.8631597222222223 0.5010416666666667 0.27055555555555555 0.8997916666666667
6 0.6226215277777778 0.6769791666666667 0.20822916666666663 0.16343750000000004
6 0.6650694444444445 0.79734375 0.17041666666666674 0.11885416666666675
6 0.6412673611111112 0.39848958333333334 0.21756944444444457 0.19833333333333333
6 0.6866319444444444 0.2416666666666667 0.1492361111111112 0.1330208333333333
6 0.7180902777777778 0.13328125 0.10871527777777779 0.09760416666666667
6 0.48677083333333326 0.47203125 0.08163194444444458 0.04906250000000014
6 0.509982638888889 0.42578125 0.05805555555555557 0.04437499999999996
6 0.8989236111111112 0.97046875 0.11906250000000007 0.05906249999999993