0 0.5296701388888889 0.47692708333333333 0.03152777777777782 0.06687499999999993
3 0.598287037037037 0.46744791666666663 0.03168981481481481 0.06999999999999992
3 0.6878877314814815 0.4761284722222222 0.058067129629629476 0.09767361111111103
1 0.7627430555555555 0.45204861111111116 0.034918981481481384 0.04208333333333343
6 0.4915625 0.8918402777777779 0.5555787037037037 0.2163194444444443
6 0.7436226851851852 0.7150868055555556 0.43983796296296285 0.18479166666666663
6 0.8608391203703704 0.8989149305555555 0.19932870370370354 0.20217013888888893
6 0.3589641203703704 0.7034722222222223 0.1426388888888889 0.16534722222222217
6 0.6336168981481481 0.5864756944444445 0.3845254629629629 0.1402430555555556
6 0.41203703703703703 0.5860243055555555 0.06878472222222225 0.06385416666666668
6 0.8103935185185185 0.3938715277777778 0.0642824074074074 0.037152777777777854
6 0.7685127314814816 0.41628472222222224 0.1111574074074074 0.03923611111111107
6 0.6369039351851852 0.47777777777777775 0.03603009259259267 0.09357638888888893
6 0.5635185185185185 0.4886111111111111 0.02791666666666668 0.057361111111111106
6 0.7486458333333333 0.5125 0.06894675925925924 0.06697916666666667