4 0.4950289351851852 0.5397395833333334 0.060532407407407264 0.15932870370370367
3 0.4296064814814815 0.4103703703703704 0.039247685185185156 0.027025462962962977
6 0.49535590277777775 0.8318460648148148 0.9907118055555555 0.31386574074074075
6 0.7564236111111111 0.5699189814814816 0.47813657407407406 0.2372106481481481
6 0.33818287037037037 0.6283101851851851 0.2449305555555556 0.172013888888889
6 0.4918171296296296 0.6570486111111111 0.059837962962962975 0.06557870370370367
6 0.38677662037037036 0.4992766203703704 0.15060185185185188 0.08902777777777793
6 0.4880497685185185 0.4276446759259259 0.0692013888888889 0.0645023148148148
6 0.584837962962963 0.43434027777777773 0.11462962962962955 0.08247685185185176
6 0.37950231481481483 0.42702546296296295 0.04108796296296298 0.06460648148148138
6 0.4293634259259259 0.44318287037037035 0.05494212962962965 0.0372106481481481