4 0.6630844907407407 0.4617071759259259 0.16618055555555564 0.08481481481481482
1 0.52296875 0.32776041666666667 0.04078703703703699 0.02428240740740737
6 0.4725405092592593 0.37842592592592594 0.051863425925925986 0.04368055555555559
6 0.4852662037037037 0.40815393518518517 0.03766203703703699 0.024097222222222214
6 0.5414293981481482 0.39310185185185187 0.08826388888888878 0.10831018518518523
6 0.4722685185185185 0.3417071759259259 0.04081018518518533 0.02740740740740737
6 0.5902835648148148 0.2354513888888889 0.08270833333333343 0.20168981481481482
6 0.5224537037037037 0.2582291666666666 0.06958333333333329 0.11657407407407412
6 0.6726041666666667 0.37516782407407406 0.19126157407407404 0.09723379629629632
6 0.817193287037037 0.16479745370370372 0.3656134259259261 0.32959490740740743
6 0.6132233796296296 0.06639467592592593 0.06509259259259252 0.13278935185185187
6 0.9185532407407407 0.5065856481481481 0.16289351851851847 0.3941898148148148
6 0.7937268518518519 0.4774131944444445 0.07731481481481488 0.3169444444444444
6 0.545792824074074 0.45458912037037036 0.04702546296296291 0.023090277777777855
6 0.7089699074074074 0.5363657407407407 0.09587962962962955 0.08221064814814802
6 0.6337905092592593 0.5165914351851851 0.0517824074074074 0.0327430555555555