4 0.53125 0.59765625 0.14534722222222224 0.246875
1 0.3056423611111111 0.4609375 0.04965277777777777 0.0625
6 0.4305902777777778 0.4421875 0.07902777777777778 0.0203125
6 0.42652777777777773 0.42109375 0.03663194444444447 0.015625
6 0.3960416666666666 0.50859375 0.12347222222222225 0.10625
6 0.36057291666666663 0.43125 0.06131944444444439 0.04375
6 0.20387152777777778 0.596875 0.3563194444444444 0.071875
6 0.17815972222222223 0.528125 0.3120138888888889 0.059375
6 0.15190972222222224 0.46484375 0.25659722222222225 0.078125
6 0.13975694444444445 0.40234375 0.23645833333333335 0.046875
6 0.28758680555555555 0.40625 0.0761111111111111 0.025
6 0.3507986111111111 0.4046875 0.05687499999999997 0.0140625
6 0.1721875 0.71015625 0.28729166666666667 0.1359375
6 0.33241319444444445 0.6765625 0.06340277777777778 0.090625
6 0.3834548611111111 0.59453125 0.05020833333333332 0.075
6 0.3779166666666667 0.38203125 0.016111111111111142 0.0109375