0 0.6159722222222223 0.68875 0.02089120370370363 0.015775462962962904
2 0.614554398148148 0.7137326388888889 0.03026620370370381 0.015844907407407405
4 0.4535590277777778 0.5000983796296297 0.17766203703703703 0.1575231481481481
6 0.5863715277777779 0.7752256944444443 0.03964120370370381 0.10026620370370373
6 0.3828125 0.6776504629629629 0.36116898148148147 0.2198032407407407
6 0.296238425925926 0.8916782407407406 0.17673611111111107 0.21664351851851862
6 0.4190393518518519 0.8333449074074075 0.08159722222222214 0.0943287037037038
6 0.47954282407407406 0.8009895833333334 0.035648148148148096 0.034629629629629476
6 0.4091724537037037 0.9043460648148148 0.05179398148148149 0.04880787037037031
6 0.27060185185185187 0.2839583333333333 0.1833333333333333 0.5637037037037037
6 0.46600115740740744 0.32992476851851854 0.22228009259259257 0.18128472222222225
6 0.3988425925925926 0.1193287037037037 0.12424768518518521 0.2336689814814815
6 0.49019097222222224 0.16061921296296294 0.07083333333333339 0.1411111111111111
6 0.580758101851852 0.6236631944444444 0.04004629629629619 0.19555555555555557
6 0.5649305555555555 0.4704629629629629 0.04924768518518512 0.10658564814814823