4 0.48234953703703703 0.5577372685185186 0.07466435185185176 0.14895833333333322
1 0.472019675925926 0.40495370370370376 0.016087962962962978 0.016087962962962978
0 0.48902777777777773 0.38512731481481477 0.013101851851851976 0.02068287037037031
6 0.22147858796296296 0.7630787037037037 0.44295717592592593 0.36517361111111113
6 0.7028414351851853 0.7957233796296296 0.5572800925925925 0.31468749999999995
6 0.6100810185185186 0.5748148148148149 0.18569444444444444 0.15537037037037038
6 0.760306712962963 0.5980324074074075 0.11233796296296301 0.10324074074074083
6 0.48731481481481487 0.4429398148148148 0.16600694444444458 0.07048611111111107
6 0.5878356481481481 0.481105324074074 0.11613425925925931 0.02061342592592581
6 0.5932638888888888 0.45624421296296297 0.04770833333333328 0.02951388888888893
6 0.31787615740740743 0.5403530092592592 0.25939814814814816 0.11384259259259259
6 0.3646759259259259 0.4651099537037037 0.09252314814814815 0.06674768518518519
6 0.1643113425925926 0.5506597222222223 0.08347222222222221 0.07740740740740737
6 0.2926157407407407 0.469230324074074 0.04803240740740744 0.040451388888888926
6 0.4464236111111111 0.39793981481481483 0.025555555555555644 0.019490740740740708
6 0.46125 0.37257523148148153 0.012777777777777822 0.00974537037037031
6 0.3934085648148148 0.41904513888888884 0.035115740740740795 0.026018518518518618