4 0.6800057870370371 0.5080034722222222 0.1692708333333334 0.1008912037037037
0 0.4541956018518518 0.3577025462962963 0.07766203703703703 0.030821759259259274
0 0.44649884259259254 0.48109375 0.044907407407407264 0.031898148148148134
3 0.4453703703703704 0.42714120370370373 0.060416666666666785 0.02900462962962962
6 0.5442997685185185 0.4786342592592593 0.1296296296296296 0.3798379629629629
6 0.9124131944444442 0.4801793981481481 0.14913194444444428 0.6955787037037038
6 0.6674768518518519 0.78296875 0.12199074074074083 0.4265740740740739
6 0.7763599537037036 0.7134490740740741 0.11932870370370381 0.27037037037037026
6 0.7322916666666666 0.32039351851851855 0.2604166666666668 0.2849537037037037
6 0.8132523148148149 0.519357638888889 0.05416666666666643 0.11324074074074061
6 0.452025462962963 0.3951909722222222 0.06967592592592595 0.026018518518518618
6 0.47563657407407406 0.3275347222222222 0.02748842592592595 0.025393518518518475
6 0.5608217592592593 0.7501215277777777 0.09884259259259257 0.13888888888888892
6 0.4101851851851851 0.46961226851851856 0.025983796296296192 0.02693287037037031