1 0.522193287037037 0.29614583333333333 0.05203703703703706 0.036967592592592614
1 0.3579340277777778 0.5445486111111111 0.13331018518518523 0.09414351851851847
4 0.29096064814814815 0.47870370370370374 0.18918981481481484 0.09081018518518516
6 0.5592650462962963 0.22256944444444446 0.03770833333333332 0.05803240740740741
6 0.27154513888888887 0.2617361111111111 0.5430902777777777 0.0844444444444445
6 0.2424421296296296 0.36976851851851855 0.4848842592592592 0.17608796296296295
6 0.519693287037037 0.3383333333333333 0.06334490740740754 0.04378472222222225
6 0.5014699074074074 0.39613425925925927 0.04800925925925927 0.07414351851851846
6 0.4380671296296296 0.46718171296296296 0.10682870370370363 0.06784722222222221
6 0.1035763888888889 0.722829861111111 0.2071527777777778 0.5512152777777779
6 0.23004050925925928 0.7575752314814815 0.13016203703703705 0.4615972222222222
6 0.35310763888888885 0.6522800925925927 0.1310300925925926 0.13452546296296292
6 0.3171759259259259 0.8511921296296296 0.09349537037037034 0.26342592592592595
6 0.2579484953703704 0.22039930555555554 0.5158969907407408 0.05658564814814815
6 0.1171875 0.10855324074074073 0.234375 0.21710648148148146
6 0.29237847222222224 0.17877314814814813 0.14027777777777778 0.05400462962962962
6 0.27130208333333333 0.14014467592592592 0.09560185185185191 0.036111111111111115
6 0.2519733796296296 0.09831018518518518 0.050300925925925985 0.06024305555555556