4 0.6855671296296296 0.46718171296296296 0.1854861111111111 0.08456018518518515
4 0.5250405092592592 0.34493634259259254 0.09453703703703695 0.05798611111111107
6 0.8140740740740741 0.21340277777777777 0.3718518518518518 0.42680555555555555
6 0.8940509259259259 0.5460069444444444 0.21189814814814803 0.27071759259259276
6 0.7171354166666667 0.5398206018518519 0.15416666666666679 0.07825231481481473
6 0.7500925925925925 0.6006597222222222 0.08509259259259264 0.05281249999999993
6 0.5934606481481481 0.26633101851851854 0.08146990740740741 0.33521990740740737
6 0.520167824074074 0.4382291666666667 0.055069444444444574 0.1340046296296297
6 0.5663252314814815 0.4929108796296296 0.026574074074074083 0.10754629629629626
6 0.4104224537037037 0.418900462962963 0.06032407407407412 0.06714120370370366
6 0.46613425925925933 0.4324305555555556 0.0418287037037036 0.08335648148148138
6 0.41663194444444446 0.3630671296296296 0.04127314814814813 0.04585648148148147
6 0.5122453703703703 0.2728877314814815 0.06696759259259259 0.09402777777777782
6 0.4418229166666666 0.32188657407407406 0.04584490740740747 0.03828703703703704
6 0.4600983796296296 0.28888310185185184 0.04099537037037031 0.02710648148148147
6 0.5237731481481481 0.20661458333333332 0.045914351851851797 0.04297453703703704