4 0.4344155092592592 0.4930208333333333 0.18890046296296284 0.10413194444444436
6 0.586875 0.49354166666666666 0.03413194444444443 0.1506597222222222
6 0.583912037037037 0.3935416666666667 0.03112268518518526 0.049097222222222216
6 0.5602835648148148 0.46677083333333336 0.04023148148148152 0.3038194444444445
6 0.5505729166666666 0.29734375 0.021516203703703597 0.04107638888888889
6 0.5283912037037037 0.47217013888888887 0.030763888888888858 0.5112847222222221
6 0.3483680555555556 0.3065277777777778 0.32211805555555556 0.2788541666666666
6 0.2965046296296296 0.08830729166666666 0.24581018518518521 0.17661458333333332
6 0.4445833333333333 0.12380208333333334 0.04790509259259253 0.08850694444444444
6 0.33004050925925926 0.7697395833333334 0.2943518518518518 0.4484375
6 0.5021296296296296 0.6939930555555556 0.05842592592592588 0.28548611111111094
6 0.2673668981481482 0.5014236111111112 0.14046296296296293 0.1030555555555555