4 0.5749710648148147 0.46265625000000005 0.13145833333333332 0.12104166666666671
0 0.44218171296296294 0.5779687499999999 0.038425925925925954 0.033749999999999857
3 0.4417997685185185 0.5122395833333334 0.032361111111111104 0.039583333333333214
0 0.4308506944444444 0.45973958333333337 0.035208333333333286 0.030416666666666713
6 0.4801909722222222 0.48697916666666663 0.05133101851851869 0.20614583333333342
6 0.4260127314814815 0.6134895833333334 0.021516203703703773 0.04197916666666668
6 0.7495949074074074 0.43916666666666665 0.23972222222222223 0.8783333333333333
6 0.5719502314814815 0.3078645833333334 0.14939814814814803 0.20020833333333332
6 0.5991435185185185 0.14244791666666667 0.08807870370370381 0.130625
6 0.47866898148148146 0.35635416666666664 0.04201388888888893 0.049583333333333354
6 0.5871354166666667 0.6090104166666667 0.11621527777777771 0.18552083333333336
6 0.5186979166666668 0.5713020833333333 0.05907407407407419 0.09906249999999997
6 0.6260648148148148 0.7340104166666667 0.057187499999999857 0.08802083333333321
6 0.4412789351851852 0.5475 0.028958333333333287 0.030000000000000072