4 0.6370833333333333 0.4917939814814815 0.17645833333333344 0.1056712962962962
1 0.4565625 0.5834722222222222 0.05493055555555557 0.041412037037036956
1 0.4280729166666667 0.6096585648148147 0.026388888888888927 0.03162037037037031
6 0.8597395833333333 0.49433449074074076 0.27868055555555565 0.9886689814814815
6 0.6119097222222222 0.22027488425925928 0.3042361111111111 0.44054976851851857
6 0.6294444444444445 0.6285358796296296 0.20451388888888894 0.17479166666666668
6 0.6613715277777777 0.8060706018518518 0.1238194444444444 0.1860879629629629
6 0.5127604166666666 0.566244212962963 0.058333333333333216 0.2585069444444443
6 0.4651041666666667 0.4966840277777777 0.06180555555555554 0.1258333333333333
6 0.45510416666666664 0.651417824074074 0.053888888888888785 0.08824074074074062
6 0.4046354166666667 0.6802719907407407 0.038680555555555426 0.09738425925925931
6 0.38522569444444443 0.6602604166666667 0.020000000000000018 0.028402777777777822