3 0.49140625 0.4541898148148148 0.04375 0.09817129629629626
1 0.7046875 0.40880787037037036 0.046875 0.06388888888888893
4 0.4953125 0.6251678240740741 0.1046875 0.23435185185185184
6 0.62890625 0.5055844907407407 0.1625 0.10012731481481474
6 0.63046875 0.4344444444444445 0.084375 0.04624999999999986
6 0.65234375 0.7752025462962964 0.20625 0.415486111111111
6 0.7859375 0.8407754629629629 0.059375 0.2658217592592592
6 0.36640625 0.8719560185185186 0.3453125 0.23523148148148146
6 0.33046875 0.6683333333333333 0.228125 0.14113425925925932
6 0.403125 0.5497743055555556 0.0640625 0.08158564814814824
6 0.16875 0.7153124999999999 0.078125 0.12887731481481488