0 0.4960474537037037 0.3357581018518519 0.1003703703703703 0.055185185185185226
3 0.4967939814814815 0.4365393518518519 0.11608796296296298 0.06849537037037035
0 0.4998611111111112 0.5343171296296296 0.08156250000000007 0.046400462962963115
4 0.7005613425925926 0.5337905092592592 0.1506712962962963 0.09840277777777776
2 0.43642361111111116 0.5099421296296296 0.025127314814814738 0.018483796296296262
6 0.813671875 0.2663888888888889 0.37265625 0.4677199074074074
6 0.8114091435185186 0.7052488425925926 0.3771817129629628 0.24789351851851862
6 0.8495312500000001 0.905648148148148 0.2875810185185184 0.18870370370370396
6 0.6757060185185185 0.8683101851851852 0.07422453703703695 0.11005787037037038
6 0.5967361111111111 0.433912037037037 0.06568287037037024 0.6437847222222223
6 0.5322685185185185 0.27047453703703705 0.0568518518518518 0.08416666666666668
6 0.5120312499999999 0.38500578703703703 0.10025462962962965 0.039560185185185226
6 0.49955439814814817 0.4929108796296296 0.1362268518518519 0.046111111111111214
6 0.5402430555555556 0.609039351851852 0.045960648148148306 0.08984953703703695
6 0.8907378472222222 0.5453182870370371 0.21852430555555563 0.10525462962962955