4 0.4814236111111111 0.5685648148148148 0.09652777777777785 0.1600462962962963
1 0.4281828703703704 0.423599537037037 0.019849537037037023 0.029826388888889
6 0.48344907407407406 0.3872800925925926 0.016145833333333214 0.014178240740740745
6 0.4989872685185185 0.38973958333333336 0.01134259259259256 0.011018518518518493
6 0.45176504629629627 0.3987673611111111 0.047511574074074046 0.017534722222222143
6 0.5328703703703703 0.7197685185185185 0.8854166666666666 0.20337962962962966
6 0.04473379629629629 0.7613773148148149 0.08946759259259258 0.11020833333333328
6 0.3806134259259259 0.5264004629629631 0.11284722222222224 0.17891203703703695
6 0.3166377314814815 0.5446817129629629 0.02714120370370372 0.14234953703703718
6 0.274537037037037 0.563125 0.05682870370370372 0.10039351851851848
6 0.2143229166666667 0.5853414351851851 0.052430555555555536 0.06599537037037032
6 0.6512731481481481 0.5401273148148148 0.24884259259259273 0.13930555555555557
6 0.8753182870370371 0.5675752314814815 0.20625 0.08587962962962976
6 0.8245370370370371 0.503900462962963 0.09461805555555572 0.024131944444444463
6 0.537037037037037 0.45957175925925925 0.20769675925925918 0.04059027777777775
6 0.6650462962962963 0.46364583333333337 0.054050925925925954 0.025393518518518475
6 0.48260995370370363 0.43103587962962964 0.08489583333333321 0.014687499999999964
6 0.3750868055555555 0.4224247685185185 0.07586805555555554 0.023993055555555642
6 0.46131365740740743 0.41524884259259254 0.04155092592592595 0.02530092592592581
6 0.4132233796296296 0.4055150462962963 0.014409722222222143 0.009479166666666572