2 0.47557870370370364 0.3221412037037037 0.05483796296296291 0.059386574074074085
2 0.47484374999999995 0.4292881944444444 0.05896990740740726 0.0407754629629629
2 0.4722222222222222 0.5255439814814815 0.05248842592592595 0.03277777777777775
1 0.578425925925926 0.30971064814814814 0.1747106481481481 0.15348379629629633
4 0.5936516203703703 0.4805034722222222 0.19275462962962955 0.07752314814814802
6 0.4226157407407408 0.4347453703703703 0.04467592592592595 0.03254629629629626
6 0.4285127314814815 0.39625578703703707 0.030844907407407262 0.03994212962962962
6 0.45665509259259257 0.4751793981481482 0.05754629629629626 0.04541666666666657
6 0.4741666666666666 0.3800462962962963 0.06048611111111111 0.03925925925925924
6 0.5539467592592592 0.16968750000000002 0.10351851851851848 0.12171296296296297
6 0.7092071759259259 0.580295138888889 0.31445601851851845 0.12796296296296283
6 0.7724131944444445 0.33836805555555555 0.1916666666666668 0.35693287037037036
6 0.7575347222222222 0.7071006944444445 0.20673611111111115 0.12789351851851852