4 0.4201215277777777 0.47842013888888885 0.13468750000000007 0.09126157407407405
1 0.5609895833333333 0.49530671296296297 0.03965277777777772 0.028587962962962975
1 0.6043576388888889 0.29953124999999997 0.024062499999999966 0.029340277777777857
3 0.5385069444444445 0.10239583333333332 0.038090277777777716 0.02850694444444444
6 0.5859895833333333 0.1077372685185185 0.02937499999999993 0.05770833333333334
6 0.5622743055555556 0.156568287037037 0.0578125 0.07322916666666668
6 0.5385416666666666 0.06571759259259259 0.035208333333333286 0.039282407407407405
6 0.5679340277777778 0.07745949074074074 0.012708333333333321 0.010023148148148153
6 0.5795138888888889 0.22356481481481483 0.037256944444444426 0.0612384259259259
6 0.5988020833333334 0.26860532407407406 0.04444444444444447 0.033518518518518545
6 0.3313020833333333 0.7530266203703704 0.34444444444444444 0.4704629629629629
6 0.26046874999999997 0.4289525462962963 0.17638888888888893 0.21203703703703702
6 0.21270833333333333 0.29564814814814816 0.08583333333333334 0.07000000000000002
6 0.4076215277777778 0.40883680555555557 0.1294097222222222 0.06445601851851848
6 0.5119965277777778 0.66328125 0.04628472222222228 0.4674884259259258
6 0.5460243055555555 0.6068923611111111 0.03545138888888886 0.1906828703703704
6 0.5578819444444444 0.45957175925925925 0.03663194444444447 0.03311342592592581
6 0.622829861111111 0.4515219907407408 0.0546875 0.07306712962962969
6 0.5753298611111111 0.5523090277777778 0.02684027777777782 0.08410879629629626
6 0.6058333333333333 0.5140509259259259 0.03545138888888886 0.05021990740740741
6 0.6318923611111111 0.3948668981481481 0.038402777777777786 0.042569444444444396
6 0.6221006944444445 0.3438715277777778 0.03559027777777786 0.056469907407407406