4 0.5280381944444444 0.5897222222222223 0.12175925925925916 0.17076388888888888
2 0.33362268518518523 0.41572916666666665 0.010011574074074048 0.017604166666666643
2 0.3554398148148148 0.41513888888888884 0.014872685185185119 0.02250000000000014
2 0.3757523148148148 0.41604166666666664 0.013136574074074047 0.017743055555555644
2 0.3946180555555555 0.41999999999999993 0.008738425925925952 0.025347222222222143
6 0.6027777777777777 0.75984375 0.7944444444444445 0.1910763888888889
6 0.4645543981481481 0.4550868055555556 0.12112268518518512 0.06934027777777771
6 0.791261574074074 0.6097569444444444 0.4174768518518519 0.17250000000000015
6 0.4395833333333333 0.5811111111111111 0.06608796296296297 0.18388888888888885
6 0.3528935185185185 0.62015625 0.11741898148148149 0.09569444444444457
6 0.26796875 0.6436805555555556 0.05688657407407405 0.06180555555555554
6 0.38978587962962963 0.5422395833333333 0.04317129629629628 0.07055555555555557
6 0.6131365740740741 0.4866493055555555 0.17673611111111107 0.054652777777777925
6 0.5460648148148148 0.44467013888888884 0.038541666666666786 0.02979166666666657
6 0.5217592592592593 0.44125 0.008622685185185119 0.022222222222222143
6 0.7425636574074075 0.5064409722222223 0.10520833333333321 0.06083333333333343
6 0.8461516203703704 0.5235243055555555 0.1200231481481481 0.03965277777777772
6 0.8030381944444445 0.49664930555555553 0.022569444444444288 0.019722222222222287
6 0.5906539351851852 0.44821180555555556 0.06006944444444447 0.021388888888888857