3 0.507349537037037 0.4688078703703704 0.10577546296296295 0.08275462962962976
4 0.33665509259259263 0.5038078703703703 0.19171296296296295 0.08402777777777785
6 0.5464525462962962 0.6797048611111112 0.05275462962962969 0.0538657407407408
6 0.5017303240740741 0.5922569444444445 0.07644675925925917 0.1494560185185186
6 0.3696527777777778 0.6364293981481481 0.20266203703703703 0.17474537037037052
6 0.32772569444444444 0.8117245370370372 0.12346064814814817 0.18293981481481475
6 0.39935185185185185 0.7572743055555555 0.07511574074074075 0.06356481481481477
6 0.1341724537037037 0.6076446759259259 0.2683449074074074 0.7773726851851851
6 0.3489641203703704 0.4172048611111111 0.19788194444444446 0.08255787037037035
6 0.3169560185185185 0.34089120370370374 0.11886574074074074 0.0642129629629629
6 0.2938425925925926 0.8606597222222222 0.1332523148148148 0.27868055555555565
6 0.2676851851851852 0.6427372685185185 0.0666666666666667 0.14150462962962962
6 0.5373148148148148 0.6146759259259259 0.05652777777777764 0.06641203703703695