4 0.6723900462962963 0.5075173611111111 0.17072916666666665 0.09966435185185177
0 0.4335243055555556 0.6526793981481481 0.07810185185185184 0.030254629629629548
0 0.4367997685185185 0.5292187500000001 0.045370370370370415 0.03157407407407398
3 0.43087962962962967 0.5831018518518518 0.06083333333333343 0.02856481481481481
6 0.5342534722222222 0.5338483796296296 0.13523148148148145 0.3789814814814815
6 0.902019675925926 0.5404803240740741 0.15940972222222244 0.6946643518518518
6 0.6843055555555555 0.23249999999999998 0.12828703703703717 0.425787037037037
6 0.7868692129629629 0.3043807870370371 0.12331018518518526 0.2695601851851851
6 0.7079398148148148 0.6961342592592592 0.2645833333333334 0.2831018518518519
6 0.8064699074074074 0.4991319444444445 0.05583333333333336 0.11287037037037032
6 0.4346875 0.6151736111111111 0.07004629629629626 0.025509259259259308
6 0.4522569444444445 0.6832986111111111 0.027858796296296263 0.025196759259259238
6 0.5748726851851852 0.2629513888888889 0.10087962962962962 0.13819444444444445
6 0.39951388888888884 0.5398842592592592 0.026377314814814846 0.026747685185185333