4 0.4736342592592592 0.5762037037037038 0.10793981481481474 0.1546064814814816
1 0.6347569444444444 0.49962384259259257 0.05857638888888879 0.07581018518518512
1 0.5564641203703704 0.4413888888888889 0.01692129629629626 0.025231481481481487
1 0.44562500000000005 0.4076909722222222 0.015034722222222286 0.01895833333333332
3 0.26027199074074076 0.4690567129629629 0.01824074074074069 0.020567129629629654
6 0.2503356481481481 0.43450810185185185 0.037233796296296265 0.025532407407407476
6 0.22902199074074076 0.46859375 0.03295138888888891 0.03327546296296298
6 0.35863425925925924 0.42673032407407413 0.0487384259259259 0.03663194444444429
6 0.29890625000000004 0.4477372685185186 0.05506944444444439 0.03828703703703695
6 0.4089467592592593 0.4063657407407407 0.04930555555555553 0.04756944444444446
6 0.7424479166666667 0.7146643518518518 0.4554745370370371 0.26280092592592597
6 0.4299305555555556 0.7405266203703704 0.17922453703703703 0.17439814814814802
6 0.8168923611111112 0.53046875 0.3184953703703705 0.12025462962962959
6 0.5651157407407408 0.5157928240740741 0.08304398148148148 0.12613425925925908
6 0.6279745370370371 0.5550347222222223 0.06172453703703695 0.04619212962962962
6 0.5018229166666666 0.3944502314814815 0.08631944444444457 0.03874999999999993
6 0.5181539351851852 0.4564583333333333 0.04138888888888879 0.07555555555555564
6 0.6617303240740741 0.44685763888888885 0.18502314814814813 0.015231481481481523
6 0.5412210648148148 0.40363425925925933 0.03642361111111114 0.009907407407407476