4 0.3999363425925926 0.5205150462962964 0.150150462962963 0.1308912037037036
6 0.5544328703703704 0.6530787037037037 0.034652777777777644 0.06724537037037023
6 0.22571180555555553 0.45116319444444447 0.1906828703703704 0.8825347222222222
6 0.36139467592592595 0.23651041666666667 0.13321759259259255 0.43543981481481475
6 0.5216608796296296 0.54484375 0.05484953703703699 0.21633101851851855
6 0.5574710648148148 0.5944849537037037 0.027835648148148096 0.05598379629629626
6 0.3830439814814815 0.6347916666666666 0.22565972222222222 0.11454861111111114
6 0.4631423611111112 0.37417245370370367 0.10438657407407419 0.17994212962962966
6 0.44830439814814815 0.2222164351851852 0.07679398148148149 0.1286458333333333
6 0.34949074074074077 0.7380208333333333 0.12986111111111107 0.10023148148148149
6 0.3098263888888889 0.8080324074074074 0.0714236111111111 0.05512731481481481