4 0.3128356481481481 0.4953125 0.2639236111111112 0.103125
0 0.5073090277777779 0.52265625 0.03879629629629626 0.021875
0 0.5038136574074075 0.634375 0.03254629629629626 0.021875
1 0.5024247685185186 0.55234375 0.04035879629629626 0.021875
0 0.5099421296296296 0.596875 0.030798611111111106 0.01875
6 0.2352662037037037 0.67734375 0.4705324074074074 0.2546875
6 0.21855034722222225 0.85234375 0.4371006944444445 0.0828125
6 0.19378472222222223 0.94765625 0.38756944444444447 0.1046875
6 0.10236400462962962 0.4375 0.20472800925925924 0.2171875
6 0.038570601851851856 0.28515625 0.07356481481481482 0.08125
6 0.1073611111111111 0.29765625 0.05130787037037039 0.0484375
6 0.12109375 0.31640625 0.08521990740740741 0.040625
6 0.28671875 0.421875 0.14900462962962963 0.0359375
6 0.2543344907407407 0.38828125 0.08273148148148142 0.025
6 0.23462962962962966 0.36484375 0.04973379629629626 0.021875
6 0.5390104166666667 0.54140625 0.015740740740740833 0.0546875
6 0.5026909722222223 0.57421875 0.041736111111111106 0.01875
6 0.4678819444444445 0.515625 0.044884259259259277 0.071875
6 0.5023090277777778 0.5015625 0.03530092592592595 0.015625
6 0.4736111111111111 0.65625 0.03240740740740726 0.125