4 0.4984375 0.653125 0.10546875 0.2125
0 0.521875 0.45078125 0.021875 0.03203125
0 0.55078125 0.453125 0.01953125 0.03046875
2 0.58203125 0.4484375 0.01015625 0.0265625
6 0.6 0.86796875 0.8 0.26328125
6 0.6359375 0.6484375 0.1578125 0.2078125
6 0.77421875 0.66640625 0.10859375 0.1109375
6 0.86015625 0.69609375 0.0625 0.05703125
6 0.91875 0.715625 0.0328125 0.03203125
6 0.9 0.71953125 0.01640625 0.01484375
6 0.5671875 0.51875 0.19140625 0.05078125
6 0.10625 0.9421875 0.184375 0.09609375
6 0.13984375 0.8578125 0.11328125 0.06640625
6 0.16953125 0.79765625 0.05703125 0.0375
6 0.3484375 0.7046875 0.18984375 0.053125
6 0.3765625 0.646875 0.1375 0.05625
6 0.3984375 0.59921875 0.090625 0.03984375
6 0.41953125 0.55546875 0.046875 0.0375
6 0.45234375 0.52109375 0.034375 0.04375
6 0.546875 0.47734375 0.128125 0.0203125
6 0.57578125 0.428125 0.0484375 0.01328125