2 0.4600694444444445 0.5023148148148148 0.08819444444444446 0.05335648148148149
2 0.4602083333333333 0.8277488425925925 0.09131944444444429 0.053587962962962976
3 0.4680266203703704 0.6706886574074075 0.16999999999999993 0.096875
1 0.5262094907407407 0.5946180555555556 0.026979166666666644 0.03009259259259256
4 0.33326967592592593 0.5296006944444445 0.1870486111111111 0.0887731481481481
6 0.1437789351851852 0.5843315972222223 0.26383101851851853 0.8313368055555556
6 0.32949652777777777 0.7908998842592593 0.14230324074074074 0.4182002314814815
6 0.3318460648148148 0.4335069444444445 0.0907754629629629 0.12222222222222215
6 0.5974768518518518 0.6116030092592593 0.025833333333333285 0.058101851851851904
6 0.5662789351851852 0.5601273148148149 0.022662037037036953 0.054745370370370236
6 0.5323263888888888 0.533420138888889 0.041736111111111106 0.07800925925925917
6 0.5665972222222223 0.5289351851851852 0.009513888888888999 0.010069444444444464
6 0.4767476851851852 0.5745659722222223 0.05761574074074076 0.0963541666666666
6 0.4489293981481481 0.7512152777777777 0.08532407407407412 0.0703125
6 0.40307870370370374 0.4481481481481481 0.03814814814814813 0.046527777777777855