4 0.3174479166666667 0.5088368055555555 0.18362268518518512 0.11885416666666657
1 0.434525462962963 0.9456047453703704 0.16802083333333329 0.10879050925925923
1 0.7344560185185185 0.8712152777777777 0.06587962962962965 0.037777777777777646
2 0.7624479166666667 0.7851331018518518 0.03140046296296291 0.021932870370370238
6 0.9009143518518519 0.9595254629629629 0.05710648148148145 0.08094907407407419
6 0.8247974537037038 0.9141956018518519 0.07268518518518548 0.11310185185185198
6 0.7208622685185185 0.9127141203703705 0.09712962962962965 0.03939814814814824
6 0.5855439814814816 0.8220717592592592 0.09863425925925924 0.24252314814814824
6 0.6802604166666667 0.8019733796296297 0.08513888888888879 0.10749999999999993
6 0.6648668981481481 0.8754224537037036 0.05502314814814824 0.04814814814814809
6 0.7644675925925926 0.8290046296296296 0.07533564814814823 0.04920138888888879
6 0.3984027777777778 0.7639120370370371 0.21753472222222223 0.2689930555555556
6 0.14478298611111112 0.782421875 0.28956597222222225 0.43515625
6 0.3024131944444445 0.9467708333333335 0.0852662037037037 0.10645833333333314
6 0.5349479166666666 0.7944386574074075 0.1690393518518519 0.25866898148148143