4 0.674855324074074 0.5156539351851851 0.2421180555555555 0.11020833333333328
1 0.44884259259259257 0.7119039351851851 0.07289351851851862 0.03650462962962955
2 0.4148263888888889 0.7756828703703704 0.04458333333333329 0.02942129629629626
2 0.40855324074074073 0.6693402777777777 0.03332175925925931 0.018159722222222285
6 0.7029658564814815 0.609548611111111 0.5940682870370371 0.11005787037037038
6 0.7468981481481481 0.7031018518518518 0.5062037037037037 0.1093055555555555
6 0.8092476851851853 0.7806886574074074 0.3815046296296295 0.06663194444444435
6 0.8223292824074073 0.8402256944444446 0.35534143518518524 0.05302083333333343
6 0.8558940972222222 0.9179456018518518 0.2882118055555555 0.10300925925925916
6 0.8974826388888889 0.9801157407407407 0.20503472222222213 0.03976851851851855
6 0.48439236111111106 0.929050925925926 0.1607870370370371 0.1418981481481481
6 0.7640509259259259 0.3475462962962963 0.4718981481481482 0.24385416666666657
6 0.8956481481481482 0.5200925925925926 0.20870370370370353 0.10501157407407398
6 0.8351909722222223 0.13019097222222223 0.3296180555555555 0.21597222222222223
6 0.6305729166666667 0.18026041666666665 0.102962962962963 0.10296296296296296
6 0.5062268518518518 0.43572337962962965 0.07597222222222229 0.24578703703703705
6 0.4528414351851852 0.5043923611111112 0.06238425925925917 0.10332175925925924
6 0.4693113425925926 0.7968113425925927 0.07387731481481481 0.12239583333333322
6 0.42515625 0.8345312500000001 0.04560185185185191 0.06379629629629627
6 0.4616087962962963 0.6685706018518518 0.04789351851851844 0.03576388888888893