4 0.48287615740740736 0.6644733796296296 0.09568287037037031 0.22475694444444444
3 0.4683564814814815 0.4422858796296296 0.03618055555555557 0.06144675925925931
1 0.5534895833333333 0.4443287037037037 0.01967592592592595 0.03152777777777782
6 0.7491956018518519 0.8486111111111111 0.45608796296296283 0.30277777777777787
6 0.28565393518518517 0.8843055555555555 0.48299768518518527 0.22424768518518512
6 0.36429976851851853 0.7096122685185187 0.15293981481481483 0.20686342592592588
6 0.22941550925925927 0.7248090277777778 0.12364583333333332 0.1142824074074074
6 0.5103472222222223 0.5023090277777778 0.14256944444444458 0.06770833333333322
6 0.399074074074074 0.5647511574074074 0.08034722222222221 0.07615740740740744
6 0.6569618055555555 0.645167824074074 0.2695138888888888 0.13518518518518513
6 0.5958854166666667 0.5434375 0.12253472222222221 0.07678240740740741
6 0.6760763888888889 0.5540046296296296 0.05134259259259259 0.0460532407407408
6 0.8227430555555555 0.6687268518518519 0.08043981481481488 0.07928240740740744
6 0.5150694444444445 0.4484490740740741 0.055891203703703776 0.04143518518518512
6 0.5854108796296297 0.4221354166666666 0.04164351851851862 0.034976851851851974
6 0.5743055555555555 0.4540162037037037 0.013055555555555643 0.018935185185185156