2 0.564236111111111 0.4849537037037036 0.08923611111111107 0.04946759259259252
2 0.5809895833333334 0.8108738425925927 0.09236111111111107 0.04956018518518519
3 0.5649884259259259 0.6527604166666666 0.171875 0.08937500000000007
1 0.502633101851852 0.5705324074074074 0.027604166666666784 0.02891203703703695
4 0.6929398148148149 0.5254456018518519 0.18871527777777786 0.0805092592592592
6 0.8726417824074074 0.5949334490740741 0.2547164351851851 0.8101331018518518
6 0.7108506944444445 0.7907378472222222 0.1518518518518519 0.41852430555555564
6 0.689380787037037 0.4293518518518519 0.09334490740740745 0.11826388888888886
6 0.43197337962962956 0.5801446759259259 0.027083333333333216 0.0569907407407408
6 0.460619212962963 0.5318287037037037 0.02384259259259256 0.05377314814814813
6 0.4933159722222221 0.5086053240740741 0.04340277777777786 0.07620370370370359
6 0.45868055555555554 0.5005555555555555 0.009722222222222143 0.00965277777777782
6 0.551244212962963 0.5555844907407407 0.059664351851851906 0.09385416666666657
6 0.5883391203703704 0.7353935185185185 0.08674768518518512 0.06656250000000004
6 0.6186342592592593 0.4366203703703704 0.039120370370370416 0.04486111111111111