4 0.5675347222222222 0.4868692129629629 0.17592592592592596 0.06768518518518504
5 0.4572280092592592 0.28944444444444445 0.04917824074074062 0.051435185185185174
5 0.4051099537037037 0.3284722222222222 0.0335532407407408 0.05097222222222229
5 0.3672974537037037 0.35067708333333336 0.03180555555555555 0.038425925925925954
5 0.3326793981481481 0.36810185185185185 0.025555555555555554 0.0382407407407408
6 0.4210763888888889 0.46309606481481486 0.07877314814814813 0.04606481481481488
6 0.7542766203703704 0.49006944444444445 0.19755787037037037 0.9801388888888889
6 0.5730208333333333 0.32740162037037035 0.18486111111111114 0.24912037037037038
6 0.5691840277777778 0.6390972222222222 0.1786342592592593 0.25049768518518506
6 0.4374768518518518 0.5157118055555555 0.06011574074074062 0.05175925925925924
6 0.5916782407407407 0.1222511574074074 0.14937499999999987 0.17310185185185184
6 0.45917824074074076 0.4213599537037037 0.047523148148148134 0.04513888888888893