3 0.47417245370370364 0.4270428240740741 0.11990740740740727 0.03994212962962962
3 0.4429108796296296 0.4799479166666666 0.06622685185185198 0.020798611111111143
6 0.7735127314814815 0.2932928240740741 0.44593750000000015 0.34072916666666675
6 0.8579513888888888 0.6346180555555556 0.2567824074074075 0.3362037037037037
6 0.6687268518518519 0.6386863425925926 0.143425925925926 0.20101851851851862
6 0.5166145833333333 0.5242534722222223 0.07130787037037045 0.13956018518518504
6 0.5762731481481481 0.5942418981481481 0.05641203703703716 0.11133101851851848
6 0.5261747685185185 0.30708912037037034 0.06805555555555572 0.18796296296296297
6 0.4720023148148148 0.3684201388888889 0.025381944444444395 0.06579861111111107
6 0.45537615740740744 0.5339583333333333 0.029745370370370415 0.054895833333333324
6 0.36940972222222224 0.5606712962962963 0.011678240740740798 0.025081018518518405
6 0.3949884259259259 0.5413252314814814 0.023263888888888928 0.04703703703703717
6 0.4142476851851852 0.5242766203703704 0.04541666666666657 0.05657407407407398