2 0.3359375 0.465625 0.0578125 0.05234375
2 0.44296875 0.46171875 0.0390625 0.0578125
2 0.5390625 0.45625 0.03203125 0.0515625
1 0.3265625 0.56875 0.1484375 0.1703125
4 0.49765625 0.57890625 0.07109375 0.190625
6 0.446875 0.409375 0.03203125 0.04453125
6 0.40859375 0.41640625 0.0390625 0.0296875
6 0.48828125 0.4421875 0.04375 0.05703125
6 0.39375 0.4625 0.03671875 0.059375
6 0.1859375 0.5484375 0.11953125 0.09921875
6 0.60078125 0.69140625 0.11875 0.3109375
6 0.3609375 0.76171875 0.3515625 0.18046875
6 0.72890625 0.7359375 0.121875 0.203125