2 0.5654861111111111 0.4849131944444444 0.04090277777777782 0.021157407407407368
0 0.5735474537037037 0.44846643518518514 0.06287037037037031 0.028703703703703808
6 0.5011921296296296 0.4730844907407407 0.07056712962962966 0.23210648148148144
6 0.22320023148148146 0.656892361111111 0.43061342592592594 0.29871527777777784
6 0.21204282407407407 0.32601273148148147 0.41620370370370363 0.2744444444444444
6 0.6308391203703703 0.5154456018518518 0.013055555555555643 0.03824074074074062
6 0.6128703703703703 0.5165104166666667 0.040266203703703596 0.08356481481481488
6 0.4533043981481482 0.4602835648148148 0.040578703703703665 0.42078703703703707
6 0.49065972222222226 0.6066377314814815 0.028611111111111143 0.034479166666666575
6 0.5610011574074074 0.5516435185185186 0.06905092592592581 0.02438657407407412
6 0.12529513888888888 0.4875405092592592 0.21659722222222225 0.07840277777777764