4 0.6922222222222223 0.5408217592592592 0.221550925925926 0.11277777777777782
1 0.5934722222222222 0.24069444444444446 0.2302083333333332 0.15377314814814813
6 0.45785879629629633 0.5534027777777778 0.0408333333333335 0.05847222222222222
6 0.48968171296296303 0.4992361111111111 0.06822916666666679 0.2843055555555555
6 0.4542361111111111 0.4659953703703703 0.03717592592592602 0.1018518518518519
6 0.8271440972222223 0.7984809027777777 0.3457118055555554 0.40303819444444444
6 0.8859375 0.33218749999999997 0.228125 0.5728935185185186
6 0.7531307870370371 0.26806134259259257 0.09376157407407408 0.45241898148148146
6 0.6139988425925926 0.10100115740740741 0.20768518518518525 0.14153935185185187
6 0.6261689814814815 0.3983333333333333 0.23187500000000014 0.18189814814814814
6 0.48303819444444435 0.33457754629629627 0.05480324074074083 0.0577430555555555
6 0.6179976851851852 0.7333854166666667 0.10784722222222225 0.2959953703703704
6 0.5493923611111111 0.534693287037037 0.06760416666666665 0.11611111111111114
6 0.550324074074074 0.6686516203703704 0.06219907407407401 0.15627314814814816
6 0.5115798611111111 0.6585706018518518 0.035219907407407366 0.04256944444444457