1 0.5056770833333333 0.09144097222222222 0.13468750000000007 0.129375
4 0.6055208333333333 0.5385763888888888 0.16312500000000013 0.11238425925925917
3 0.5058333333333334 0.7591145833333333 0.13114583333333343 0.09959490740740744
6 0.7395833333333333 0.7978703703703703 0.2822916666666666 0.40425925925925926
6 0.7559375 0.32026620370370373 0.21500000000000002 0.5636805555555555
6 0.58328125 0.3217071759259259 0.1872916666666667 0.3348148148148148
6 0.6111458333333333 0.09769097222222221 0.07062500000000008 0.1255787037037037
6 0.42645833333333333 0.38556134259259256 0.04041666666666668 0.09266203703703706
6 0.47526041666666663 0.3705555555555556 0.07489583333333343 0.32971064814814816
6 0.4263020833333333 0.28983796296296294 0.03708333333333336 0.0893518518518519
6 0.5002604166666667 0.5704687500000001 0.049374999999999857 0.08696759259259253
6 0.5875 0.8752314814814814 0.05541666666666671 0.13090277777777787
6 0.5483854166666667 0.6503587962962962 0.10812500000000007 0.127800925925926
6 0.58375 0.760619212962963 0.04854166666666657 0.09781249999999986
6 0.4068229166666667 0.5929456018518519 0.024375000000000036 0.03879629629629626