2 0.5173900462962963 0.5078125 0.030069444444444392 0.065625
2 0.2879108796296296 0.51484375 0.039722222222222214 0.075
3 0.4019039351851852 0.5125 0.07208333333333332 0.1125
4 0.5161400462962963 0.6765625 0.10790509259259266 0.2140625
6 0.33116898148148144 0.78828125 0.27504629629629623 0.4234375
6 0.6065104166666666 0.87890625 0.29780092592592594 0.2421875
6 0.5070601851851853 0.5546875 0.13217592592592595 0.03125
6 0.46968750000000004 0.50625 0.061087962962962906 0.0578125
6 0.40328125000000004 0.40078125 0.04743055555555564 0.01875
6 0.4761342592592593 0.46015625 0.06337962962962962 0.0296875
6 0.45011574074074073 0.42578125 0.05340277777777782 0.009375