4 0.3341666666666666 0.49432291666666667 0.24740740740740738 0.07553240740740748
0 0.5498784722222222 0.5028472222222222 0.025046296296296334 0.0066203703703703095
0 0.5523553240740741 0.52078125 0.018842592592592668 0.012777777777777822
6 0.564363425925926 0.4541898148148148 0.032951388888889 0.01923611111111114
6 0.5551851851851852 0.4808912037037037 0.0439699074074074 0.030335648148148132
6 0.4931076388888889 0.5388483796296296 0.07883101851851855 0.09646990740740743
6 0.48702546296296295 0.45611689814814815 0.03490740740740748 0.07238425925925931
6 0.1891724537037037 0.3284837962962963 0.3753819444444445 0.26803240740740736
6 0.41313657407407406 0.39626736111111116 0.07434027777777778 0.12296296296296294
6 0.12109375 0.1036863425925926 0.22013888888888894 0.19074074074074074
6 0.2691145833333334 0.1507175925925926 0.07564814814814813 0.08861111111111111
6 0.10853587962962963 0.7289409722222222 0.2101967592592593 0.5358680555555555
6 0.32967592592592593 0.6264351851851853 0.2357870370370371 0.19409722222222214
6 0.3074131944444445 0.7853761574074074 0.19306712962962963 0.12159722222222236
6 0.2809548611111111 0.9053125 0.12898148148148145 0.11752314814814824
6 0.483587962962963 0.6249363425925927 0.06618055555555565 0.07597222222222229