4 0.3635243055555556 0.49512731481481487 0.2009027777777778 0.09208333333333343
0 0.5417534722222221 0.4609837962962963 0.06687499999999993 0.028611111111111143
0 0.5489583333333334 0.5351736111111112 0.05138888888888893 0.03162037037037031
5 0.6103298611111111 0.5269039351851852 0.01923611111111114 0.011076388888888821
6 0.3043576388888889 0.2892476851851852 0.26388888888888895 0.3143518518518518
6 0.2966666666666667 0.7316377314814815 0.2668749999999999 0.3815393518518519
6 0.43581597222222224 0.6798090277777777 0.052569444444444356 0.26905092592592583
6 0.10034722222222223 0.4994212962962963 0.1798263888888889 0.9885069444444445
6 0.21807291666666667 0.4930787037037037 0.10437500000000002 0.0991782407407408
6 0.25149305555555557 0.06690972222222222 0.18864583333333335 0.1326041666666667
6 0.4771527777777778 0.5021006944444444 0.07718749999999996 0.22549768518518523
6 0.5354687499999999 0.49541666666666667 0.05493055555555557 0.041018518518518475
6 0.5840972222222222 0.4817708333333333 0.035416666666666784 0.023692129629629653