4 0.5705034722222222 0.5015625 0.14466435185185186 0.1234375
6 0.4104861111111111 0.37734375 0.031736111111111145 0.065625
6 0.7474016203703704 0.56171875 0.15179398148148165 0.875
6 0.6215451388888888 0.7828125 0.11412037037037041 0.4296875
6 0.44798032407407407 0.48359375 0.04533564814814817 0.2140625
6 0.4100520833333333 0.4359375 0.02540509259259256 0.0546875
6 0.5822916666666667 0.38671875 0.22107638888888878 0.103125
6 0.5139293981481481 0.65078125 0.09660879629629626 0.175
6 0.5354687499999999 0.8015625 0.07123842592592596 0.125
6 0.6111921296296297 0.28203125 0.12569444444444447 0.09375
6 0.6476620370370371 0.21015625 0.0691319444444444 0.0515625