4 0.35920138888888886 0.5192245370370371 0.17569444444444446 0.11203703703703702
1 0.5390625 0.6174421296296296 0.054629629629629584 0.04337962962962969
1 0.5673611111111111 0.6446412037037037 0.02615740740740726 0.03254629629629626
6 0.1365451388888889 0.5015827546296296 0.27129629629629626 0.9968344907407408
6 0.3864293981481481 0.24382523148148144 0.30092592592592593 0.4616203703703704
6 0.36582754629629627 0.6560243055555556 0.20324074074074083 0.1820833333333333
6 0.3325810185185185 0.8320833333333333 0.12245370370370372 0.19037037037037052
6 0.48298611111111106 0.5981597222222221 0.05642361111111107 0.2602430555555557
6 0.5311631944444445 0.5304803240740741 0.06087962962962958 0.12791666666666668
6 0.5400173611111111 0.685329861111111 0.05324074074074083 0.09009259259259253
6 0.5902777777777778 0.7160069444444445 0.037962962962962976 0.0986574074074074
6 0.609837962962963 0.6967476851851853 0.019791666666666607 0.029097222222222285