4 0.566707175925926 0.5197916666666667 0.15768518518518526 0.10034722222222214
0 0.3713946759259259 0.515451388888889 0.018912037037036988 0.011354166666666643
6 0.36898726851851854 0.5724479166666667 0.037962962962962976 0.03208333333333328
6 0.43605324074074076 0.42388888888888887 0.1013425925925926 0.30371527777777774
6 0.6731597222222222 0.2447222222222222 0.37868055555555563 0.4676388888888889
6 0.4608738425925926 0.1727951388888889 0.0763310185185185 0.19694444444444445
6 0.7236631944444445 0.7860763888888889 0.25643518518518515 0.42784722222222216
6 0.7511053240740742 0.5223263888888889 0.2079629629629629 0.12020833333333343
6 0.5378877314814815 0.6715451388888889 0.1061805555555555 0.2085416666666667
6 0.45751736111111113 0.6103645833333333 0.05899305555555543 0.08097222222222218
6 0.5662731481481481 0.8128472222222222 0.07310185185185177 0.08440972222222243
6 0.37180555555555556 0.5404687499999999 0.030150462962962976 0.031909722222222214