3 0.5698090277777779 0.5918402777777778 0.0627083333333335 0.07631944444444443
1 0.4892013888888889 0.5553125 0.04600694444444446 0.01663194444444436
4 0.6823784722222223 0.4853298611111111 0.20489583333333333 0.0794791666666665
6 0.8971875 0.48173611111111114 0.20562499999999986 0.5579166666666666
6 0.6944791666666668 0.6696180555555555 0.2375 0.28625000000000006
6 0.6931770833333333 0.3763888888888889 0.20270833333333335 0.13562500000000002
6 0.45053819444444443 0.5475694444444444 0.040868055555555574 0.04149305555555553
6 0.53234375 0.6638368055555556 0.025 0.07079861111111115
6 0.5115798611111112 0.6189409722222222 0.023541666666666572 0.037986111111111144
6 0.5174826388888889 0.5406076388888889 0.03427083333333343 0.10378472222222221
6 0.4815972222222221 0.5249826388888889 0.023541666666666572 0.037986111111111144
6 0.4757118055555555 0.586111111111111 0.04499999999999993 0.029097222222222285
6 0.8307118055555556 0.8702083333333333 0.33857638888888886 0.21611111111111114