4 0.5644791666666666 0.49921875 0.15800925925925924 0.11875
6 0.4362152777777778 0.403125 0.02571759259259245 0.0484375
6 0.4606423611111111 0.49453125 0.02444444444444436 0.1734375
6 0.43997685185185187 0.465625 0.01664351851851862 0.06875
6 0.47368055555555555 0.5109375 0.03472222222222214 0.234375
6 0.6495833333333334 0.6609375 0.32469907407407417 0.190625
6 0.6862442129629629 0.87578125 0.22548611111111114 0.24375
6 0.5483275462962963 0.7984375 0.055914351851851764 0.0828125
6 0.5572222222222223 0.88359375 0.04341435185185176 0.0828125
6 0.7699999999999999 0.3375 0.09104166666666665 0.45
6 0.6915972222222222 0.35625 0.07793981481481485 0.409375
6 0.569039351851852 0.40234375 0.14793981481481494 0.071875
6 0.6265740740740741 0.315625 0.04215277777777775 0.103125
6 0.5879456018518519 0.3390625 0.03828703703703695 0.053125
6 0.5517997685185185 0.353125 0.036400462962962975 0.03125