4 0.583275462962963 0.5311284722222223 0.16273148148148148 0.1000694444444445
1 0.4409143518518519 0.5811574074074074 0.030381944444444288 0.020509259259259238
6 0.40219907407407407 0.5250752314814815 0.014641203703703809 0.016458333333333287
6 0.40396412037037044 0.5095891203703704 0.01134259259259256 0.011585648148148131
6 0.4150752314814815 0.5570196759259259 0.01892361111111107 0.04789351851851862
6 0.7319444444444445 0.4830324074074074 0.2293981481481481 0.8897916666666668
6 0.795775462962963 0.9631134259259259 0.11354166666666679 0.07377314814814824
6 0.5456597222222223 0.6310185185185185 0.18206018518518513 0.1168055555555556
6 0.5667534722222223 0.6954108796296297 0.14299768518518513 0.03030092592592588
6 0.587037037037037 0.7379282407407407 0.10196759259259255 0.05905092592592602
6 0.6118923611111111 0.7986458333333333 0.0674768518518519 0.053888888888888785
6 0.547337962962963 0.36061921296296295 0.14652777777777787 0.25189814814814804
6 0.5647858796296296 0.13714699074074074 0.09189814814814809 0.20812500000000003
6 0.5034722222222221 0.18652199074074075 0.026909722222222144 0.09513888888888888
6 0.47199074074074077 0.4730844907407407 0.04670138888888893 0.20856481481481487
6 0.47037037037037044 0.3451446759259259 0.026967592592592737 0.054606481481481506
6 0.44592013888888893 0.526886574074074 0.0171875 0.08520833333333329
6 0.44210069444444444 0.6342361111111111 0.026215277777777858 0.07638888888888892
6 0.43110532407407404 0.5478356481481482 0.02650462962962976 0.04210648148148159
6 0.42352430555555554 0.5957175925925926 0.009895833333333215 0.014618055555555643