4 0.6046527777777777 0.5203587962962963 0.2213657407407407 0.103263888888889
3 0.4220949074074074 0.5634722222222223 0.06628472222222222 0.03939814814814824
6 0.8487615740740739 0.4422858796296296 0.302476851851852 0.8403124999999999
6 0.8448842592592593 0.9039178240740741 0.18018518518518506 0.09268518518518505
6 0.6250520833333333 0.6383564814814815 0.17064814814814824 0.14231481481481473
6 0.6563020833333333 0.7449363425925926 0.09534722222222207 0.08237268518518519
6 0.6857349537037037 0.2746701388888889 0.1215856481481481 0.3935416666666667
6 0.5684027777777778 0.39249999999999996 0.09988425925925917 0.15893518518518518
6 0.5996122685185185 0.27524884259259264 0.05600694444444443 0.07652777777777775
6 0.4634317129629629 0.5130439814814814 0.053842592592592456 0.17160879629629627
6 0.5107291666666667 0.5997511574074074 0.06923611111111114 0.0628819444444444
6 0.41535879629629624 0.5186631944444444 0.03081018518518519 0.04614583333333329
6 0.5172337962962963 0.6484664351851851 0.06453703703703688 0.036226851851851906