4 0.5736226851851851 0.4852372685185185 0.1600462962962963 0.09534722222222225
0 0.42318287037037033 0.44361111111111107 0.03773148148148149 0.032361111111111104
0 0.4324826388888889 0.2425983796296296 0.04094907407407415 0.04495370370370377
1 0.41508101851851853 0.37745949074074076 0.025196759259259238 0.027303240740740708
6 0.4604456018518519 0.47453125000000007 0.05643518518518533 0.02666666666666657
6 0.7519618055555556 0.4631018518518519 0.12263888888888878 0.9262037037037038
6 0.5819155092592593 0.21898726851851852 0.2533333333333333 0.43797453703703704
6 0.43507523148148153 0.31438078703703703 0.0522337962962963 0.09215277777777775
6 0.43126736111111114 0.4066608796296296 0.03773148148148149 0.032361111111111104
6 0.4447685185185185 0.37657986111111114 0.023622685185185156 0.025694444444444464
6 0.6311342592592594 0.6295949074074074 0.10144675925925917 0.198275462962963
6 0.6775520833333333 0.47903356481481485 0.03821759259259263 0.09798611111111111
6 0.5386400462962964 0.568287037037037 0.08174768518518523 0.06959490740740737
6 0.5608217592592593 0.6316782407407407 0.04104166666666664 0.0574537037037036
6 0.47498263888888886 0.5154976851851851 0.031643518518518474 0.054050925925925954
6 0.4645659722222222 0.4455092592592592 0.031388888888889 0.01967592592592595
6 0.6599421296296296 0.7474652777777778 0.0754398148148148 0.06159722222222221
6 0.6022337962962963 0.7351157407407408 0.012685185185185155 0.02537037037037031
6 0.40390625 0.4098148148148148 0.018900462962962904 0.020868055555555643