4 0.6961747685185184 0.5368981481481482 0.17899305555555553 0.10274305555555543
6 0.48644097222222216 0.4411284722222223 0.06752314814814823 0.14057870370370368
6 0.4969270833333333 0.3552199074074074 0.04266203703703688 0.03648148148148156
6 0.6023958333333332 0.3606886574074074 0.19326388888888885 0.15956018518518517
6 0.8498032407407408 0.3909201388888889 0.3003935185185185 0.1968055555555556
6 0.820703125 0.16905671296296296 0.35859375 0.2715972222222222
6 0.6133622685185186 0.21717013888888886 0.07064814814814824 0.14074074074074075
6 0.5586921296296297 0.254056712962963 0.04239583333333332 0.05827546296296297
6 0.4984780092592593 0.5391087962962964 0.047083333333333324 0.058518518518518546
6 0.5189178240740742 0.6211689814814815 0.05500000000000007 0.08696759259259253
6 0.5067650462962963 0.5738078703703704 0.025555555555555644 0.010671296296296262
6 0.5555439814814814 0.7266550925925926 0.05629629629629633 0.10884259259259252
6 0.5935127314814815 0.8547974537037037 0.08314814814814823 0.1413888888888888
6 0.6368576388888888 0.9653559027777778 0.10261574074074069 0.06928819444444442