4 0.5521643518518518 0.5322395833333333 0.1690509259259258 0.1229861111111111
2 0.39211805555555557 0.3365972222222222 0.017465277777777732 0.010138888888888874
2 0.3899074074074075 0.3584027777777778 0.022291666666666644 0.015034722222222286
2 0.38930555555555557 0.3787152777777778 0.01755787037037031 0.013263888888888964
2 0.39187500000000003 0.39760416666666665 0.025231481481481487 0.008923611111111108
6 0.71609375 0.6052083333333333 0.1789467592592592 0.7895833333333334
6 0.421869212962963 0.46777777777777774 0.06758101851851847 0.12159722222222236
6 0.5518287037037037 0.7931076388888889 0.16604166666666664 0.4137847222222222
6 0.5500925925925926 0.44375 0.18300925925925923 0.06743055555555558
6 0.5956770833333334 0.35737847222222224 0.09400462962962966 0.11809027777777778
6 0.6255671296296297 0.27265625 0.060995370370370415 0.05732638888888886
6 0.5148090277777777 0.3936805555555556 0.0699537037037036 0.0436805555555555
6 0.44249421296296293 0.6165451388888888 0.05206018518518505 0.1770833333333332
6 0.4053761574074074 0.5491840277777778 0.02923611111111111 0.03874999999999993
6 0.40374999999999994 0.5248611111111112 0.022106481481481487 0.008784722222222286
6 0.4527372685185185 0.7460763888888888 0.0593055555555555 0.10562500000000004
6 0.46218171296296295 0.8497569444444444 0.03789351851851848 0.12027777777777793
6 0.438431712962963 0.8064583333333333 0.01939814814814813 0.022708333333333285
6 0.405619212962963 0.5937847222222222 0.020509259259259238 0.06020833333333329