4 0.48260995370370374 0.5488715277777778 0.06898148148148149 0.17824074074074084
5 0.2860243055555555 0.4460011574074073 0.05179398148148149 0.05103009259259252
5 0.32543402777777775 0.392494212962963 0.05121527777777777 0.03540509259259261
5 0.3479166666666667 0.35390046296296296 0.03865740740740744 0.033194444444444395
5 0.36559606481481477 0.31867476851851856 0.038425925925925954 0.026944444444444392
6 0.4599247685185185 0.4034548611111111 0.046643518518518515 0.08039351851851854
6 0.48758680555555556 0.7356712962962962 0.9751736111111111 0.23442129629629632
6 0.323119212962963 0.5602604166666667 0.250462962962963 0.19388888888888883
6 0.6348090277777778 0.5448784722222222 0.25179398148148147 0.1877199074074074
6 0.5124131944444444 0.4178877314814815 0.05219907407407405 0.061967592592592526
6 0.11785300925925926 0.5864988425925926 0.1741898148148148 0.15562500000000004
6 0.4179108796296297 0.44306134259259256 0.045486111111111074 0.049143518518518545