3 0.5044965277777778 0.49088541666666663 0.09650462962962969 0.056597222222222146
3 0.5182465277777778 0.5749131944444444 0.06994212962962969 0.055613425925925955
0 0.5172048611111111 0.6453993055555556 0.08696759259259253 0.053125
6 0.7918344907407407 0.6956597222222223 0.41633101851851856 0.28645833333333337
6 0.9050752314814815 0.44438657407407406 0.18984953703703694 0.20891203703703703
6 0.657523148148148 0.8758101851851852 0.09788194444444435 0.08315972222222215
6 0.5498784722222222 0.7169849537037037 0.03398148148148152 0.08391203703703702
6 0.4334953703703704 0.374537037037037 0.043356481481481524 0.08425925925925934
6 0.49332175925925925 0.4263310185185185 0.06121527777777782 0.06776620370370363
6 0.4540046296296296 0.437962962962963 0.014606481481481382 0.04108796296296298
6 0.5090682870370371 0.5337673611111111 0.07564814814814813 0.015277777777777857