1 0.5443981481481481 0.30546875 0.09822916666666667 0.06048611111111111
4 0.4881018518518519 0.4731944444444444 0.1524652777777778 0.11434027777777782
1 0.5793518518518519 0.6171354166666667 0.01331018518518512 0.016180555555555642
6 0.293431712962963 0.14372395833333335 0.5492824074074074 0.2874479166666667
6 0.2625868055555556 0.35244791666666664 0.4610648148148148 0.17326388888888894
6 0.2264236111111111 0.4856076388888889 0.37229166666666663 0.11475694444444447
6 0.5460069444444444 0.3515972222222222 0.08928240740740741 0.038263888888888875
6 0.5247974537037037 0.3956076388888889 0.06460648148148138 0.04340277777777777
6 0.5870601851851852 0.6449826388888888 0.048819444444444395 0.039583333333333394
6 0.5820138888888888 0.5778645833333333 0.04090277777777782 0.06729166666666657
6 0.6027083333333334 0.5088194444444445 0.04163194444444436 0.08135416666666676
6 0.6120891203703703 0.4481076388888889 0.03893518518518526 0.05940972222222225
6 0.5952083333333333 0.42458333333333337 0.03179398148148156 0.04194444444444443
6 0.14707175925925925 0.5862326388888889 0.21062499999999998 0.09354166666666668