1 0.5174016203703704 0.71015625 0.09614583333333329 0.06331018518518512
4 0.45499999999999996 0.5405092592592593 0.14847222222222226 0.11869212962962958
1 0.54078125 0.3990451388888889 0.012731481481481488 0.016550925925925865
6 0.27326388888888886 0.8561631944444444 0.5386574074074073 0.28767361111111106
6 0.23431712962962964 0.6547743055555555 0.45539351851851845 0.1866898148148149
6 0.19329282407407405 0.5203414351851852 0.36864583333333334 0.12563657407407405
6 0.5173032407407407 0.6640046296296297 0.08800925925925931 0.04085648148148149
6 0.4945023148148149 0.6192997685185185 0.06310185185185198 0.04525462962962958
6 0.5474479166666667 0.37138310185185186 0.04743055555555564 0.04097222222222223
6 0.5448900462962962 0.4384548611111111 0.03847222222222228 0.06840277777777785
6 0.5681018518518519 0.5082175925925926 0.03868055555555561 0.08246527777777786
6 0.5797106481481482 0.5692997685185185 0.036793981481481455 0.06047453703703702
6 0.5637268518518519 0.5923611111111111 0.030289351851851797 0.04282407407407405
6 0.11035300925925925 0.41721643518518514 0.20749999999999996 0.09965277777777785