4 0.50390625 0.61875 0.09609375 0.2890625
0 0.44609375 0.37265625 0.01484375 0.02421875
0 0.48671875 0.3671875 0.015625 0.02734375
6 0.22578125 0.7625 0.4515625 0.47421875
6 0.72734375 0.88125 0.5453125 0.22421875
6 0.74296875 0.6890625 0.37421875 0.1765625
6 0.25390625 0.5046875 0.40234375 0.02421875
6 0.278125 0.47578125 0.346875 0.021875
6 0.43515625 0.45 0.4875 0.02734375
6 0.66640625 0.54375 0.228125 0.12265625
6 0.82890625 0.56640625 0.084375 0.05390625
6 0.49453125 0.40625 0.23671875 0.05078125
6 0.33984375 0.41484375 0.07890625 0.0359375