4 0.39962384259259254 0.5158622685185186 0.292650462962963 0.11186342592592595
0 0.6478587962962964 0.5864351851851852 0.02557870370370381 0.01692129629629626
0 0.6518229166666666 0.54609375 0.028703703703703808 0.01708333333333343
6 0.2661747685185185 0.77421875 0.491724537037037 0.4515625
6 0.12884837962962964 0.27881365740740743 0.24519675925925927 0.5569791666666667
6 0.32045717592592593 0.2731539351851852 0.19045138888888893 0.3841550925925926
6 0.5229456018518519 0.7717766203703704 0.03993055555555571 0.40442129629629625
6 0.550954861111111 0.7490567129629631 0.03472222222222214 0.3480092592592591
6 0.5709201388888889 0.5933622685185185 0.04618055555555571 0.48895833333333344
6 0.46860532407407407 0.3572511574074074 0.13032407407407404 0.2344444444444445
6 0.43993055555555555 0.1935763888888889 0.05625 0.0871296296296296
6 0.6124710648148148 0.536255787037037 0.058796296296296194 0.24009259259259252
6 0.6096064814814814 0.6904976851851852 0.038831018518518515 0.07998842592592599