4 0.37751736111111106 0.501082175925926 0.28978009259259263 0.09901620370370381
0 0.6240393518518518 0.4414467592592592 0.025115740740740834 0.015810185185185333
0 0.629207175925926 0.48203125 0.028240740740740834 0.01583333333333332
6 0.2375 0.22578125 0.475 0.4515625
6 0.11394097222222221 0.7264641203703703 0.22788194444444443 0.5469791666666666
6 0.3054340277777778 0.7406655092592593 0.17934027777777778 0.37630787037037033
6 0.49343171296296295 0.2502372685185185 0.027986111111111 0.40331018518518513
6 0.5221585648148148 0.27424189814814814 0.02444444444444436 0.347037037037037
6 0.5467766203703703 0.43108217592592596 0.031736111111111145 0.4877083333333333
6 0.4513136574074075 0.6630266203703703 0.12356481481481474 0.22902777777777777
6 0.4274537037037037 0.8256944444444445 0.053749999999999964 0.08476851851851848
6 0.5900868055555556 0.4901331018518519 0.05175925925925924 0.23787037037037032
6 0.5826388888888889 0.3355092592592593 0.03651620370370381 0.07839120370370374