4 0.5735416666666667 0.5235590277777777 0.18158564814814823 0.10472222222222224
3 0.3944212962962963 0.4212847222222222 0.035671296296296263 0.02652777777777775
1 0.3936979166666667 0.45243055555555556 0.031898148148148134 0.013888888888888928
6 0.4266608796296296 0.4718229166666667 0.10549768518518512 0.02027777777777793
6 0.8473061342592592 0.5162152777777778 0.3053877314814816 0.9675694444444444
6 0.6015393518518518 0.37203125000000004 0.24194444444444443 0.2165277777777778
6 0.642181712962963 0.1937847222222222 0.12340277777777775 0.15513888888888888
6 0.550943287037037 0.23805555555555555 0.07824074074074083 0.06583333333333333
6 0.6435358796296297 0.6708680555555555 0.16416666666666674 0.18968749999999995
6 0.6758449074074073 0.5273263888888888 0.07606481481481495 0.1140625
6 0.6704803240740741 0.814704861111111 0.11143518518518505 0.10472222222222242
6 0.4409837962962963 0.5075347222222222 0.08039351851851854 0.047222222222222145
6 0.5324189814814815 0.6324131944444444 0.07129629629629619 0.11229166666666668
6 0.4676273148148148 0.40505208333333337 0.043495370370370344 0.11729166666666657
6 0.4281770833333334 0.4259027777777778 0.03168981481481481 0.06999999999999992
6 0.3953530092592593 0.4392534722222223 0.043912037037036986 0.005069444444444571
6 0.45591435185185186 0.5549652777777778 0.04060185185185183 0.03142361111111107
6 0.48652199074074076 0.5890625 0.020046296296296263 0.025833333333333285