4 0.5550752314814815 0.5413483796296296 0.17799768518518527 0.1099537037037038
3 0.38225694444444447 0.622974537037037 0.0347453703703704 0.02754629629629619
1 0.3794502314814815 0.591550925925926 0.031435185185185156 0.014814814814814881
6 0.4112152777777777 0.575954861111111 0.10491898148148149 0.02337962962962976
6 0.8475086805555556 0.5421296296296296 0.3049826388888889 0.9157407407407406
6 0.5932812500000001 0.6971354166666666 0.2343055555555555 0.22337962962962976
6 0.6459548611111111 0.8813078703703704 0.11784722222222221 0.15856481481481488
6 0.5514872685185186 0.825925925925926 0.07592592592592595 0.06805555555555536
6 0.6154340277777778 0.40144675925925927 0.15739583333333335 0.1942708333333334
6 0.6574305555555556 0.5497106481481481 0.0719560185185184 0.11614583333333321
6 0.6328472222222222 0.25992476851851853 0.1077314814814816 0.10787037037037042
6 0.42319444444444443 0.541724537037037 0.07877314814814813 0.049537037037037025
6 0.5065567129629629 0.42693865740740744 0.06724537037037023 0.11423611111111107
6 0.4567650462962963 0.6480034722222221 0.03921296296296291 0.11840277777777786
6 0.4158043981481482 0.622337962962963 0.029143518518518617 0.07083333333333339
6 0.3819907407407407 0.605005787037037 0.04379629629629633 0.006365740740740833
6 0.43499999999999994 0.495775462962963 0.03950231481481481 0.03258101851851851
6 0.46342013888888883 0.4651041666666666 0.01912037037037031 0.026388888888888927