4 0.5668576388888888 0.5265451388888889 0.17006944444444444 0.1073611111111111
1 0.37269097222222225 0.4032986111111111 0.022569444444444465 0.016597222222222284
6 0.3480381944444445 0.3749131944444445 0.023263888888888928 0.032222222222222284
6 0.3742361111111111 0.3854340277777778 0.03833333333333329 0.02041666666666666
6 0.37354166666666666 0.3698090277777778 0.022430555555555554 0.013472222222222196
6 0.42953125 0.4541666666666667 0.06423611111111108 0.11201388888888886
6 0.38546875 0.4451909722222222 0.038298611111111124 0.05472222222222225
6 0.8238194444444444 0.6984027777777777 0.35236111111111124 0.6031944444444445
6 0.8762847222222222 0.3835763888888889 0.24611111111111122 0.06395833333333342
6 0.9275347222222223 0.34375 0.14371527777777757 0.04069444444444441
6 0.5537326388888889 0.4417534722222222 0.1904166666666665 0.07395833333333339
6 0.5733333333333334 0.6897916666666666 0.17520833333333333 0.2229861111111111
6 0.6238541666666666 0.9001215277777778 0.11305555555555565 0.19975694444444442
6 0.5409027777777778 0.8372743055555556 0.046527777777777855 0.06444444444444457
6 0.4452430555555555 0.54453125 0.07472222222222236 0.0672569444444445
6 0.4686284722222222 0.6321180555555556 0.04663194444444443 0.10187500000000008