4 0.4222916666666666 0.5280208333333333 0.17229166666666665 0.11104166666666657
1 0.6036979166666667 0.65546875 0.022916666666666606 0.01708333333333343
6 0.6253125 0.684375 0.023958333333333214 0.03270833333333343
6 0.6001562500000001 0.6732812499999999 0.03874999999999993 0.02124999999999986
6 0.5991145833333333 0.6889062499999999 0.022708333333333285 0.013958333333333428
6 0.5522395833333333 0.6033854166666666 0.06666666666666661 0.11333333333333329
6 0.5955208333333333 0.6133333333333333 0.03947916666666664 0.05552083333333328
6 0.184375 0.32828124999999997 0.36875 0.6551041666666667
6 0.10953125 0.6639583333333333 0.2190625 0.06937499999999996
6 0.05588541666666667 0.7026041666666666 0.11177083333333333 0.04541666666666657
6 0.4260416666666666 0.6130208333333333 0.19187499999999993 0.078125
6 0.43395833333333333 0.3647916666666667 0.18000000000000008 0.22666666666666666
6 0.40817708333333336 0.13942708333333334 0.11802083333333328 0.2303125
6 0.48296875000000006 0.21817708333333333 0.04791666666666679 0.06541666666666668
6 0.5465104166666667 0.5127604166666666 0.07614583333333336 0.06885416666666658
6 0.5327604166666667 0.4247395833333334 0.04885416666666664 0.10281249999999993