4 0.440625 0.4779340277777778 0.2109375 0.1046875
1 0.41328125 0.7488831018518518 0.140625 0.20104166666666662
3 0.615625 0.7094849537037037 0.125 0.09710648148148149
6 0.60234375 0.419548611111111 0.053125 0.11212962962962969
6 0.5859375 0.5672743055555556 0.084375 0.18562499999999993
6 0.27890625 0.5956944444444444 0.540625 0.14053240740740733
6 0.1453125 0.4455902777777777 0.2890625 0.21186342592592594
6 0.1546875 0.8263541666666667 0.309375 0.3441666666666666
6 0.41484375 0.9136458333333334 0.221875 0.14119212962962954
6 0.5203125 0.7425520833333333 0.0484375 0.20407407407407413
6 0.3453125 0.40865740740740736 0.1125 0.057395833333333354
6 0.3125 0.4947337962962964 0.053125 0.1027546296296297