4 0.4591145833333334 0.5122743055555555 0.21440972222222215 0.1
1 0.4217881944444445 0.24193287037037034 0.14780092592592595 0.1979166666666666
3 0.6252025462962962 0.27683449074074074 0.1283564814814815 0.09432870370370372
6 0.6226851851851852 0.5670659722222222 0.05717592592592595 0.11094907407407409
6 0.6008391203703705 0.41970486111111105 0.09108796296296298 0.18375000000000002
6 0.2933449074074074 0.3981076388888889 0.5447916666666667 0.12851851851851848
6 0.16556712962962963 0.5511805555555556 0.2963541666666667 0.20543981481481488
6 0.16082175925925926 0.17020833333333335 0.32152777777777775 0.33729166666666666
6 0.4172453703703704 0.07713541666666666 0.22667824074074083 0.13626157407407408
6 0.5288483796296296 0.2458854166666667 0.05590277777777786 0.20299768518518518
6 0.366550925925926 0.5836689814814815 0.11440972222222215 0.054895833333333324
6 0.33061342592592596 0.49832175925925926 0.05682870370370363 0.10157407407407408