4 0.501875 0.46750578703703705 0.16812500000000002 0.11734953703703699
1 0.36171875 0.2703761574074074 0.029166666666666695 0.01729166666666666
6 0.3683854166666667 0.2520833333333333 0.02645833333333334 0.023356481481481416
6 0.38411458333333337 0.3663194444444445 0.04874999999999998 0.19431712962962955
6 0.756875 0.5761226851851852 0.4127083333333335 0.7746064814814815
6 0.8706250000000001 0.1538425925925926 0.20406249999999987 0.0961342592592593
6 0.5469270833333333 0.3286574074074074 0.09854166666666657 0.17081018518518523
6 0.4434895833333333 0.3511284722222222 0.11833333333333336 0.1408564814814815
6 0.5379166666666666 0.7322800925925925 0.09125000000000014 0.4349537037037038
6 0.47723958333333333 0.6269328703703703 0.08656249999999996 0.20122685185185177
6 0.39703125 0.4760532407407407 0.050729166666666624 0.10728009259259252
6 0.4161458333333333 0.5745254629629629 0.05645833333333332 0.09983796296296284