4 0.5031828703703705 0.5388541666666666 0.10900462962962969 0.16173611111111122
1 0.2957928240740741 0.3834201388888889 0.01583333333333332 0.028240740740740743
6 0.2778645833333333 0.38875578703703706 0.022060185185185155 0.02516203703703699
6 0.3936631944444445 0.4130497685185185 0.19245370370370374 0.03736111111111118
6 0.6257233796296295 0.8030555555555555 0.7485532407407408 0.36807870370370355
6 0.2128009259259259 0.8859027777777777 0.08584490740740733 0.19906250000000014
6 0.3667303240740741 0.5737789351851852 0.16627314814814814 0.08872685185185177
6 0.3823784722222222 0.471556712962963 0.13518518518518513 0.11037037037037045
6 0.7715509259259259 0.5947453703703703 0.43171296296296297 0.0656944444444445
6 0.6616724537037036 0.5259664351851852 0.19741898148148138 0.07489583333333343
6 0.5047511574074074 0.4341840277777777 0.10501157407407398 0.044525462962963044
6 0.6049421296296297 0.4607060185185185 0.09724537037037032 0.050717592592592634