4 0.55703125 0.46955439814814814 0.146875 0.09667824074074076
3 0.42265625 0.6687094907407408 0.096875 0.07689814814814824
3 0.4234375 0.5600752314814815 0.103125 0.07722222222222222
0 0.42890625 0.45822916666666663 0.05625 0.05604166666666668
1 0.3875 0.4885011574074074 0.0265625 0.026377314814814846
6 0.82734375 0.4827430555555556 0.3234375 0.9654861111111112
6 0.584375 0.35798032407407404 0.16875 0.13062500000000005
6 0.615625 0.2251099537037037 0.0875 0.154537037037037
6 0.60625 0.7373148148148148 0.115625 0.46224537037037033
6 0.51640625 0.6646296296296297 0.05625 0.30604166666666666
6 0.53125 0.8497974537037036 0.025 0.07942129629629627
6 0.478125 0.3908333333333333 0.028125 0.06552083333333343
6 0.38046875 0.43574074074074076 0.0125 0.04127314814814813
6 0.4328125 0.5033391203703703 0.084375 0.03562499999999993
6 0.43828125 0.6124305555555556 0.0859375 0.038831018518518515