4 0.4933101851851852 0.5941840277777779 0.09123842592592588 0.15347222222222215
3 0.30311342592592594 0.4455729166666667 0.07331018518518517 0.10219907407407405
3 0.41169560185185183 0.4543981481481481 0.07340277777777775 0.10844907407407404
0 0.5131770833333333 0.4673900462962964 0.05395833333333329 0.06018518518518512
1 0.48566550925925933 0.42390046296296297 0.025393518518518475 0.028414351851851906
6 0.49350694444444443 0.8328125 0.9870138888888889 0.334375
6 0.6030613425925926 0.6296875 0.12437499999999986 0.17777777777777787
6 0.7338483796296297 0.6706597222222223 0.15129629629629626 0.09861111111111107
6 0.22562500000000002 0.6233796296296296 0.45125000000000004 0.1494212962962962
6 0.30094328703703704 0.5392650462962963 0.3039583333333334 0.0787037037037038
6 0.11478587962962963 0.5403356481481482 0.07849537037037035 0.030787037037037022
6 0.5772916666666668 0.521412037037037 0.06447916666666664 0.03287037037037042
6 0.5388946759259259 0.4208043981481481 0.04081018518518533 0.015509259259259167
6 0.467806712962963 0.4679398148148149 0.03249999999999993 0.08668981481481489
6 0.35835069444444445 0.465306712962963 0.035648148148148096 0.08848379629629619