4 0.50703125 0.5546875 0.08046875 0.159375
0 0.31015625 0.2796875 0.0328125 0.06796875
0 0.43671875 0.371875 0.03046875 0.059375
6 0.13671875 0.62109375 0.2734375 0.7390625
6 0.2875 0.66171875 0.025 0.653125
6 0.3953125 0.8125 0.23984375 0.34921875
6 0.34921875 0.496875 0.09140625 0.26875
6 0.43046875 0.5375 0.06953125 0.1984375
6 0.40625 0.3859375 0.0234375 0.11015625
6 0.4484375 0.421875 0.04453125 0.0265625
6 0.47734375 0.3734375 0.0359375 0.04921875
6 0.31953125 0.3375 0.03046875 0.03203125
6 0.28671875 0.29453125 0.0234375 0.07421875