4 0.5734664351851851 0.48237847222222224 0.16238425925925917 0.08833333333333329
0 0.29117476851851853 0.2977256944444444 0.06996527777777777 0.0358680555555555
0 0.3880497685185185 0.42019097222222224 0.06053240740740744 0.03388888888888886
6 0.62578125 0.1311284722222222 0.7484375 0.2622569444444444
6 0.6723668981481481 0.25809027777777777 0.654050925925926 0.054027777777777786
6 0.8238425925925925 0.35920138888888886 0.35231481481481486 0.2561805555555556
6 0.5098090277777778 0.3271354166666667 0.2721064814814815 0.10256944444444445
6 0.553443287037037 0.4065798611111111 0.2009837962962962 0.07756944444444454
6 0.40098379629629627 0.38909722222222226 0.11024305555555554 0.028298611111111073
6 0.4384837962962963 0.4296875 0.028182870370370417 0.044930555555555605
6 0.3911168981481482 0.4607465277777778 0.05133101851851851 0.03815972222222221
6 0.34933449074074074 0.30453125 0.03240740740740744 0.032638888888888926
6 0.305150462962963 0.2736284722222222 0.07586805555555554 0.02677083333333332