4 0.4716030092592593 0.53671875 0.16358796296296294 0.09187499999999993
0 0.7363946759259259 0.3581770833333333 0.07045138888888883 0.037395833333333336
0 0.6507696759259259 0.47859374999999993 0.060995370370370415 0.035208333333333286
6 0.38599537037037035 0.16197916666666667 0.7532407407407408 0.3227083333333333
6 0.3531886574074074 0.31005208333333334 0.6544212962962963 0.06854166666666668
6 0.2079976851851852 0.4078125 0.36247685185185186 0.26395833333333324
6 0.5212326388888889 0.3827604166666666 0.2734490740740741 0.10854166666666672
6 0.48482060185185183 0.46130208333333333 0.20200231481481482 0.08197916666666671
6 0.6351273148148149 0.44718749999999996 0.11059027777777786 0.030729166666666606
6 0.6013773148148148 0.4869791666666667 0.028831018518518547 0.04552083333333332
6 0.6513136574074074 0.5191145833333334 0.05186342592592581 0.039270833333333324
6 0.679068287037037 0.3636979166666666 0.03287037037037024 0.033333333333333395
6 0.7203356481481482 0.33375 0.07621527777777785 0.028437499999999984