4 0.35954282407407406 0.5230324074074074 0.25609953703703703 0.17175925925925917
1 0.6374710648148149 0.603125 0.04430555555555564 0.02199074074074083
3 0.6695717592592592 0.7088541666666666 0.06701388888888893 0.05173611111111107
6 0.29920717592592594 0.23622685185185185 0.5984143518518519 0.47089120370370374
6 0.22627025462962963 0.7875578703703704 0.45254050925925926 0.42488425925925916
6 0.11246527777777778 0.5050636574074074 0.22493055555555555 0.16099537037037023
6 0.5400983796296297 0.5598958333333334 0.15555555555555553 0.19861111111111107
6 0.5172974537037037 0.6952256944444445 0.12138888888888885 0.0978587962962962
6 0.49074074074074076 0.772337962962963 0.08328703703703706 0.07476851851851833
6 0.4757233796296296 0.8299479166666666 0.06223379629629626 0.048263888888888926
6 0.6425405092592593 0.643431712962963 0.03916666666666657 0.05902777777777786
6 0.603900462962963 0.3884548611111111 0.04148148148148145 0.13715277777777776
6 0.6363368055555555 0.5357060185185185 0.04018518518518519 0.09340277777777786