4 0.46749999999999997 0.6111053240740741 0.16430555555555557 0.2560995370370371
1 0.5393055555555556 0.3296585648148148 0.020694444444444394 0.044305555555555556
3 0.6439930555555555 0.2914467592592593 0.04979166666666668 0.06701388888888893
6 0.2047482638888889 0.6944386574074074 0.4094965277777778 0.6110763888888888
6 0.7532118055555556 0.7305960648148149 0.4464236111111113 0.45951388888888883
6 0.45703125 0.864207175925926 0.15409722222222227 0.2370717592592591
6 0.49899305555555556 0.4291608796296297 0.19416666666666665 0.15555555555555553
6 0.6348784722222222 0.4438599537037037 0.09434027777777772 0.12138888888888885
6 0.7127083333333333 0.46574074074074073 0.07236111111111114 0.08328703703703706
6 0.7707118055555556 0.4772858796296296 0.04645833333333336 0.06223379629629626
6 0.5794270833333334 0.32222800925925926 0.057916666666666575 0.03916666666666666
6 0.3258159722222222 0.37577546296296294 0.13604166666666667 0.04148148148148145
6 0.4719791666666667 0.33477430555555554 0.09229166666666658 0.04018518518518519