4 0.5234085648148149 0.5292881944444444 0.17997685185185192 0.07755787037037046
1 0.5149016203703705 0.8559953703703703 0.16574074074074083 0.22138888888888886
1 0.34496527777777775 0.597181712962963 0.015682870370370416 0.022708333333333285
0 0.33457754629629627 0.5785185185185184 0.017650462962962975 0.0072685185185186185
6 0.3239872685185185 0.594369212962963 0.015798611111111072 0.024270833333333287
6 0.6572337962962963 0.6400115740740742 0.6063657407407407 0.16349537037037046
6 0.7928240740740741 0.4408912037037037 0.3741898148148149 0.3053009259259259
6 0.7625868055555556 0.8514293981481481 0.3639467592592592 0.2971412037037037
6 0.4929108796296296 0.7291435185185186 0.22604166666666678 0.06939814814814813
6 0.5057581018518519 0.9815219907407406 0.1393518518518519 0.03695601851851862
6 0.41634837962962956 0.8093518518518519 0.045486111111111074 0.11003472222222221
6 0.3443287037037037 0.6269618055555556 0.023958333333333394 0.02942129629629626
6 0.3486111111111111 0.5691493055555557 0.017245370370370418 0.022800925925925954
6 0.4013310185185185 0.5353935185185185 0.05046296296296297 0.05121527777777786