4 0.5085416666666667 0.5932291666666667 0.07107638888888879 0.1794791666666667
1 0.8346701388888889 0.6305729166666667 0.2158333333333335 0.16416666666666674
1 0.582829861111111 0.42578125 0.022187500000000072 0.015520833333333428
0 0.5646006944444444 0.41286458333333337 0.0066319444444443935 0.017604166666666643
6 0.5807986111111111 0.40458333333333335 0.02375000000000007 0.015625
6 0.6140277777777777 0.719375 0.1413888888888888 0.56125
6 0.4104513888888889 0.8309895833333334 0.29222222222222227 0.3380208333333332
6 0.8396961805555556 0.8495052083333334 0.3206076388888889 0.30098958333333314
6 0.7089756944444444 0.5909895833333334 0.06118055555555557 0.22562500000000013
6 0.9720746527777777 0.6417708333333334 0.05585069444444457 0.13885416666666667
6 0.7917881944444444 0.5263020833333333 0.10864583333333329 0.04468750000000003
6 0.6125520833333333 0.42932291666666667 0.028611111111111143 0.02375000000000007
6 0.5547395833333333 0.42546874999999995 0.022222222222222143 0.01708333333333343
6 0.5191319444444444 0.47302083333333333 0.04947916666666678 0.050104166666666575