4 0.50390625 0.56015625 0.0671875 0.175
1 0.178125 0.57578125 0.21328125 0.15078125
1 0.42578125 0.3875 0.02109375 0.0140625
0 0.44375 0.37578125 0.00703125 0.0171875
6 0.42734375 0.36640625 0.0234375 0.0140625
6 0.4015625 0.7015625 0.12734375 0.59609375
6 0.6078125 0.821875 0.28515625 0.353125
6 0.16796875 0.82421875 0.33515625 0.3390625
6 0.303125 0.54453125 0.05703125 0.221875
6 0.03359375 0.57734375 0.0671875 0.13359375
6 0.21875 0.47421875 0.1078125 0.03828125
6 0.39609375 0.3890625 0.028125 0.02109375
6 0.45390625 0.3890625 0.02109375 0.01640625
6 0.490625 0.4390625 0.0484375 0.04765625