4 0.4260416666666667 0.5271585648148148 0.17496527777777776 0.11351851851851862
1 0.5647048611111112 0.49049768518518516 0.03312500000000007 0.043807870370370414
6 0.2763541666666667 0.41951388888888885 0.5527083333333334 0.11682870370370377
6 0.18196180555555555 0.19068865740740742 0.3639236111111111 0.3751273148148148
6 0.4109375 0.30320601851851847 0.13336805555555564 0.15968750000000007
6 0.49819444444444444 0.3484490740740741 0.0438194444444445 0.07398148148148147
6 0.39685763888888886 0.1442997685185185 0.07881944444444447 0.1599768518518519
6 0.1712847222222222 0.6376851851851851 0.3425694444444444 0.37784722222222233
6 0.11171875 0.904296875 0.2234375 0.19140625
6 0.41611111111111115 0.6448842592592593 0.16833333333333336 0.13967592592592587
6 0.36840277777777775 0.7316782407407407 0.06899305555555557 0.0441087962962964
6 0.5358159722222222 0.5414641203703704 0.04972222222222218 0.06649305555555571
6 0.5269965277777777 0.4932407407407407 0.03420138888888893 0.032951388888889
6 0.5233333333333333 0.59328125 0.03576388888888893 0.033032407407407406
6 0.5142708333333333 0.6210011574074075 0.032222222222222284 0.023495370370370416