4 0.5406770833333333 0.5776909722222222 0.11604166666666664 0.1757407407407408
1 0.4878125 0.4387037037037037 0.04427083333333339 0.03343749999999997
6 0.45229166666666665 0.7249826388888889 0.1252083333333333 0.5500347222222223
6 0.23578125 0.8180497685185186 0.38052083333333336 0.36390046296296286
6 0.3196875 0.5911458333333334 0.16156249999999997 0.13450231481481473
6 0.354375 0.5041898148148147 0.07458333333333336 0.044351851851851976
6 0.16328125 0.6040567129629629 0.16104166666666667 0.07997685185185191
6 0.6824999999999999 0.8303761574074073 0.38312500000000005 0.33924768518518533
6 0.928984375 0.8912760416666666 0.14203125000000014 0.2174479166666668
6 0.6589583333333333 0.5884953703703705 0.14208333333333342 0.16930555555555565
6 0.7509375 0.6368634259259259 0.0451041666666665 0.06929398148148139
6 0.5419270833333333 0.4679803240740741 0.0671875 0.05019675925925924
6 0.495 0.4764467592592593 0.03343749999999997 0.03443287037037042
6 0.5949479166666667 0.4808506944444444 0.03354166666666671 0.03599537037037024
6 0.6235937500000001 0.49012152777777784 0.023958333333333214 0.0323842592592591