4 0.5848032407407407 0.4721180555555556 0.31789351851851855 0.16715277777777776
1 0.3813888888888889 0.6060763888888889 0.05221064814814813 0.04604166666666672
6 0.37254050925925924 0.5182465277777778 0.05502314814814824 0.13048611111111122
6 0.3315162037037037 0.49430555555555555 0.027256944444444466 0.04805555555555561
6 0.6890567129629629 0.6548611111111111 0.5703356481481482 0.2377083333333335
6 0.8746238425925925 0.27222222222222225 0.25075231481481486 0.5444444444444445
6 0.6853067129629629 0.2755902777777778 0.11914351851851848 0.2426388888888889
6 0.5553356481481482 0.3531944444444444 0.13240740740740745 0.08395833333333336
6 0.5781597222222222 0.2881597222222222 0.0819212962962963 0.04892361111111114
6 0.7102314814814814 0.8592534722222223 0.540486111111111 0.22545138888888908
6 0.3830034722222222 0.6551909722222222 0.02877314814814813 0.04499999999999993
6 0.4184201388888889 0.7941493055555556 0.030474537037036953 0.05444444444444443