4 0.47085648148148146 0.577326388888889 0.1694907407407408 0.3201620370370371
1 0.35630787037037037 0.3794675925925926 0.04642361111111111 0.052858796296296265
6 0.4451157407407408 0.36669560185185185 0.13087962962962968 0.056921296296296296
6 0.4730439814814815 0.3245254629629629 0.048252314814814665 0.02795138888888893
6 0.277806712962963 0.6899131944444445 0.24190972222222218 0.5734837962962963
6 0.6653645833333333 0.8578414351851851 0.5906828703703704 0.2593171296296298
6 0.6579803240740741 0.6692881944444444 0.24349537037037053 0.12266203703703696
6 0.5927893518518518 0.542511574074074 0.08493055555555565 0.1335648148148149
6 0.6557175925925927 0.562488425925926 0.04952546296296294 0.08259259259259259
6 0.09250868055555556 0.7202199074074074 0.1850173611111111 0.543425925925926
6 0.3069675925925926 0.3832696759259259 0.045208333333333336 0.02942129629629626
6 0.16439814814814815 0.4249363425925926 0.05466435185185183 0.03126157407407408