4 0.5387152777777777 0.4724247685185185 0.17335648148148142 0.11018518518518512
1 0.8041145833333333 0.4942303240740741 0.3689583333333335 0.24666666666666667
1 0.40087962962962964 0.24679398148148152 0.031736111111111145 0.034664351851851904
0 0.3730381944444444 0.007826967592592594 0.03469907407407406 0.015653935185185187
6 0.3924537037037037 0.10028935185185187 0.016423611111111125 0.16020833333333334
6 0.4010127314814815 0.20299768518518518 0.019444444444444466 0.047986111111111104
6 0.41596064814814815 0.31471064814814814 0.02027777777777775 0.10423611111111111
6 0.7872453703703703 0.7806365740740742 0.4206712962962964 0.3652546296296297
6 0.8049710648148147 0.3409201388888889 0.3682986111111113 0.09675925925925925
6 0.8784201388888888 0.23178819444444443 0.21127314814814824 0.14053240740740733
6 0.9509837962962964 0.11567129629629631 0.0888425925925926 0.09581018518518518
6 0.5466261574074074 0.6369444444444444 0.13453703703703698 0.22965277777777776
6 0.5388078703703704 0.7953587962962964 0.06696759259259259 0.09451388888888879
6 0.5593576388888889 0.8629513888888889 0.04444444444444447 0.04946759259259252
6 0.4642766203703704 0.5675405092592593 0.026111111111111106 0.0764814814814816
6 0.444513888888889 0.44751157407407405 0.03200231481481488 0.15800925925925924
6 0.5432233796296296 0.40725694444444444 0.15972222222222215 0.0328819444444445
6 0.43287615740740737 0.3481134259259259 0.022569444444444288 0.04817129629629626
6 0.4716435185185185 0.3786574074074074 0.02243055555555564 0.03879629629629626
6 0.5771238425925926 0.37318865740740736 0.08194444444444446 0.05168981481481474