4 0.527517361111111 0.534982638888889 0.10763888888888892 0.17261574074074063
1 0.5767881944444444 0.8001041666666667 0.24124999999999996 0.36729166666666657
1 0.2879513888888889 0.3988773148148148 0.03420138888888893 0.03149305555555557
0 0.04234375 0.3728472222222222 0.023402777777777772 0.03453703703703699
6 0.1407986111111111 0.39153935185185185 0.15999999999999998 0.015243055555555607
6 0.24423611111111115 0.39933449074074073 0.04770833333333328 0.019097222222222144
6 0.3573263888888889 0.4134490740740741 0.10395833333333337 0.019513888888888786
6 0.8407291666666665 0.7811226851851851 0.31854166666666683 0.4181481481481482
6 0.42380208333333336 0.8020949074074075 0.09131944444444447 0.3677430555555553
6 0.32244791666666667 0.8763194444444444 0.1374305555555555 0.2103240740740741
6 0.2140277777777778 0.9497106481481481 0.09451388888888887 0.08817129629629647
6 0.6926041666666667 0.5416724537037038 0.22770833333333335 0.1328935185185184
6 0.849965277777778 0.5326851851851852 0.09354166666666686 0.0662962962962963
6 0.9195833333333333 0.5527256944444444 0.04881944444444457 0.04409722222222214
6 0.6147743055555556 0.4598726851851852 0.0761111111111111 0.025555555555555644
6 0.49288194444444444 0.4410069444444444 0.15756944444444443 0.030844907407407262
6 0.46291666666666664 0.5399710648148148 0.030520833333333285 0.15954861111111107
6 0.3924305555555555 0.43010995370370375 0.047847222222222194 0.022222222222222143
6 0.4269444444444444 0.4686342592592593 0.03847222222222228 0.02215277777777782
6 0.43241319444444437 0.5741087962962963 0.05048611111111114 0.08159722222222214