4 0.5179976851851852 0.530787037037037 0.07164351851851851 0.16493055555555552
1 0.6094039351851852 0.379542824074074 0.07048611111111107 0.049421296296296366
6 0.6112991898148148 0.792795138888889 0.7774016203703704 0.3543981481481481
6 0.6996238425925927 0.534230324074074 0.30115740740740743 0.21087962962962975
6 0.42789351851851853 0.5693287037037037 0.11336805555555554 0.15399305555555554
6 0.5402777777777779 0.4141782407407407 0.07418981481481488 0.06516203703703702
6 0.672048611111111 0.4022569444444445 0.05821759259259274 0.055208333333333214
6 0.9205729166666667 0.553761574074074 0.15885416666666644 0.14097222222222214
6 0.7256655092592592 0.4135706018518519 0.0487268518518519 0.05173611111111107
6 0.5651041666666667 0.32407407407407407 0.03975694444444446 0.020196759259259255
6 0.5883391203703704 0.3388599537037037 0.05115740740740726 0.0331018518518519
6 0.5589988425925926 0.3704571759259259 0.03663194444444429 0.020081018518518512
6 0.6528356481481482 0.36932870370370374 0.025694444444444464 0.01967592592592595
6 0.7639756944444445 0.41293402777777777 0.03744212962962958 0.04195601851851851
6 0.8822048611111111 0.4578414351851852 0.07991898148148166 0.05133101851851851