4 0.5234143518518518 0.4773148148148148 0.16590277777777782 0.07164351851851851
1 0.3707349537037037 0.5796585648148148 0.05043981481481481 0.07048611111111107
6 0.7839756944444444 0.565133101851852 0.3661574074074075 0.805787037037037
6 0.5241724537037037 0.6581886574074074 0.21523148148148152 0.30115740740740726
6 0.5633101851851852 0.38460648148148147 0.15559027777777779 0.11336805555555554
6 0.406412037037037 0.5081597222222222 0.06622685185185198 0.07418981481481488
6 0.39253472222222224 0.640451388888889 0.05604166666666668 0.05821759259259274
6 0.5402662037037037 0.8891782407407407 0.1436111111111112 0.1831018518518519
6 0.40306134259259263 0.6930844907407407 0.052430555555555536 0.0487268518518519
6 0.3158912037037037 0.5395833333333333 0.020775462962962975 0.03975694444444446
6 0.33034143518518516 0.5616608796296296 0.03384259259259252 0.05115740740740726
6 0.3623900462962963 0.5300636574074075 0.0206134259259259 0.03663194444444429
6 0.35987268518518517 0.6237268518518518 0.020046296296296263 0.025694444444444464
6 0.40185763888888887 0.7313368055555556 0.042488425925925985 0.03744212962962958
6 0.4450405092592593 0.845920138888889 0.05248842592592595 0.07991898148148166