4 0.4415219907407407 0.47585648148148146 0.1564814814814815 0.09969907407407419
2 0.6459490740740741 0.386568287037037 0.035243055555555534 0.02547453703703706
2 0.644068287037037 0.31106481481481485 0.027372685185185118 0.023449074074074084
6 0.6257233796296295 0.2170486111111111 0.04039351851851869 0.16453703703703706
6 0.617824074074074 0.09357060185185186 0.03726851851851851 0.08016203703703703
6 0.16484375 0.5 0.3296875 1
6 0.40876736111111106 0.34995370370370377 0.24681712962962976 0.18144675925925924
6 0.36498842592592595 0.13456018518518517 0.1309606481481481 0.26912037037037034
6 0.45934606481481477 0.22612847222222224 0.055787037037037024 0.07502314814814817
6 0.40798611111111105 0.7499016203703703 0.2103587962962962 0.45991898148148136
6 0.331394675925926 0.48160300925925925 0.0627893518518519 0.09570601851851848
6 0.5819444444444445 0.4729918981481481 0.13321759259259255 0.1450925925925926
6 0.5690104166666667 0.3591666666666667 0.09710648148148149 0.09618055555555553
6 0.6388310185185185 0.3472337962962963 0.0578125 0.04552083333333332
6 0.5554108796296295 0.6211168981481482 0.09942129629629619 0.15868055555555555
6 0.616261574074074 0.5567071759259259 0.03084490740740744 0.03300925925925924
6 0.5348958333333333 0.7540740740740741 0.05729166666666678 0.11564814814814817
6 0.5258969907407407 0.8286631944444445 0.035995370370370414 0.04578703703703724
6 0.5819444444444445 0.028234953703703703 0.07048611111111107 0.056469907407407406
6 0.5903645833333333 0.07726851851851853 0.03344907407407405 0.06122685185185186