4 0.4688831018518519 0.5582465277777777 0.09856481481481474 0.1564814814814815
2 0.5566782407407407 0.35954861111111114 0.025219907407407406 0.035243055555555534
2 0.6322164351851851 0.36704282407407407 0.023252314814814667 0.027372685185185118
6 0.7263946759259259 0.3924479166666667 0.1642824074074074 0.04039351851851851
6 0.8499652777777778 0.4095486111111112 0.0799074074074074 0.03726851851851851
6 0.4826215277777778 0.83515625 0.9652430555555556 0.3296875
6 0.5950636574074074 0.6004918981481481 0.17966435185185184 0.24681712962962976
6 0.823599537037037 0.661400462962963 0.2937384259259261 0.1309606481481481
6 0.7185474537037037 0.5588831018518519 0.07462962962962968 0.055787037037037024
6 0.21212673611111113 0.571585648148148 0.42425347222222226 0.2103587962962962
6 0.4639525462962963 0.668431712962963 0.09526620370370367 0.0627893518518519
6 0.47070601851851845 0.4174189814814815 0.14414351851851848 0.13321759259259255
6 0.5846585648148148 0.43885995370370373 0.09548611111111108 0.09710648148148149
6 0.5960763888888889 0.36961805555555555 0.04510416666666668 0.0578125
6 0.32273726851851847 0.4330729166666666 0.15798611111111108 0.09942129629629619
6 0.386712962962963 0.3767361111111111 0.03278935185185183 0.03084490740740744
6 0.18989583333333332 0.4438078703703704 0.1152546296296296 0.05729166666666678
6 0.11535300925925926 0.44730902777777776 0.0455324074074074 0.035995370370370414
6 0.933877314814815 0.4517939814814815 0.09254629629629604 0.07048611111111107
6 0.8664756944444445 0.4383391203703704 0.06099537037037024 0.03344907407407405