4 0.46722222222222226 0.571875 0.10980324074074073 0.1890625
3 0.785150462962963 0.36171875 0.056365740740740654 0.0625
6 0.835763888888889 0.3046875 0.03599537037037024 0.03125
6 0.861261574074074 0.31015625 0.019618055555555715 0.046875
6 0.8726273148148149 0.6484375 0.07627314814814809 0.6875
6 0.9137094907407407 0.6546875 0.07365740740740741 0.6671875
6 0.9465451388888889 0.684375 0.06581018518518533 0.60625
6 0.8260069444444443 0.65859375 0.08090277777777785 0.65625
6 0.6528472222222221 0.6984375 0.32502314814814814 0.603125
6 0.31474537037037037 0.87578125 0.3752199074074074 0.2453125
6 0.3514988425925926 0.709375 0.3131828703703704 0.0734375
6 0.3751099537037037 0.615625 0.0642939814814815 0.125
6 0.7354050925925926 0.371875 0.03993055555555554 0.046875
6 0.806087962962963 0.31953125 0.01331018518518512 0.015625