4 0.5349999999999999 0.5755555555555556 0.11260416666666657 0.1898032407407408
3 0.8280208333333334 0.36767361111111113 0.05729166666666643 0.06289351851851847
6 0.871875 0.3109953703703704 0.03645833333333322 0.03150462962962965
6 0.8980208333333334 0.3166550925925926 0.0203125 0.04700231481481474
6 0.9494791666666668 0.655150462962963 0.08645833333333357 0.6878009259259258
6 0.9747656250000001 0.6617071759259259 0.05046874999999993 0.6674768518518519
6 0.9951302083333333 0.6916493055555556 0.009739583333333357 0.6065046296296295
6 0.9040625 0.6649652777777778 0.090625 0.6565972222222222
6 0.735625 0.7004456018518519 0.33395833333333336 0.5991087962962963
6 0.4185416666666667 0.8772251157407407 0.3788541666666667 0.24554976851851862
6 0.43557291666666664 0.7122511574074074 0.31427083333333333 0.07572916666666671
6 0.44807291666666665 0.6186400462962963 0.06614583333333321 0.12542824074074072
6 0.7794791666666667 0.3774652777777778 0.040625 0.04715277777777782
6 0.8439583333333334 0.325625 0.013541666666666785 0.015717592592592578