4 0.4500868055555555 0.4863368055555556 0.17850694444444457 0.09142361111111122
6 0.5966319444444445 0.5385763888888888 0.11173611111111122 0.10868055555555553
6 0.1993923611111111 0.4997916666666667 0.36128472222222224 0.9995833333333334
6 0.49711805555555555 0.3868055555555555 0.24461805555555555 0.11475694444444447
6 0.4412673611111112 0.16526909722222222 0.18562499999999993 0.33053819444444443
6 0.5506423611111112 0.22772569444444443 0.07312499999999993 0.19840277777777776
6 0.46371527777777777 0.6071875 0.19388888888888883 0.1511111111111111
6 0.4339236111111111 0.7438541666666667 0.10892361111111111 0.12267361111111104
6 0.5086284722222223 0.6937326388888889 0.04125000000000014 0.029027777777777784
6 0.5756076388888889 0.6125173611111111 0.041458333333333285 0.038402777777777786
6 0.5847569444444444 0.4614583333333334 0.09461805555555572 0.041145833333333215
6 0.4071527777777778 0.8405902777777777 0.05798611111111107 0.07937499999999993