4 0.5371469907407407 0.5534722222222223 0.09796296296296295 0.17785879629629625
6 0.4730671296296296 0.40898148148148145 0.11273148148148149 0.11094907407407409
6 0.5190277777777779 0.8043113425925925 0.9619444444444444 0.3538773148148149
6 0.6326678240740741 0.5027951388888889 0.12372685185185191 0.2438078703703704
6 0.8448871527777777 0.5501967592592593 0.3102256944444445 0.18312500000000007
6 0.7871006944444444 0.44342592592592595 0.2009490740740741 0.07166666666666668
6 0.4154050925925926 0.5443287037037037 0.15817129629629623 0.19280092592592588
6 0.2814120370370371 0.5791550925925926 0.12660879629629634 0.10803240740740741
6 0.3253587962962963 0.50265625 0.03053240740740737 0.04104166666666664
6 0.4009722222222222 0.4327256944444445 0.03990740740740737 0.041180555555555644
6 0.5510127314814814 0.4179918981481482 0.044618055555555536 0.09432870370370364
6 0.18703124999999998 0.6094849537037037 0.08145833333333333 0.05740740740740744