4 0.525462962962963 0.5024016203703703 0.09421296296296297 0.1877314814814815
6 0.47280092592592593 0.370775462962963 0.025925925925925953 0.026851851851851904
6 0.6164207175925925 0.7677083333333333 0.7671585648148149 0.4163773148148147
6 0.6416087962962963 0.4867476851851852 0.14710648148148148 0.18541666666666662
6 0.7644097222222223 0.5027199074074075 0.10665509259259257 0.1450231481481481
6 0.907523148148148 0.5371527777777778 0.18495370370370381 0.0706018518518519
6 0.13975694444444448 0.8756655092592591 0.21319444444444446 0.20277777777777786
6 0.5620081018518519 0.38923611111111106 0.19467592592592595 0.0393518518518519
6 0.46261574074074074 0.49765625 0.03530092592592595 0.1958333333333334
6 0.4335069444444445 0.5154803240740741 0.0375 0.1710648148148149
6 0.3998553240740741 0.5375578703703704 0.03611111111111116 0.1335648148148149
6 0.36313657407407407 0.5614293981481481 0.047106481481481485 0.09386574074074083
6 0.3253761574074074 0.5783275462962962 0.02598379629629628 0.07048611111111107
6 0.28715277777777776 0.5827256944444444 0.027083333333333393 0.058101851851851904