4 0.4564120370370371 0.48842592592592593 0.18189814814814814 0.09421296296296297
6 0.5919212962962963 0.43576388888888895 0.02518518518518533 0.025925925925925953
6 0.18302083333333335 0.5977430555555555 0.36366898148148147 0.8038773148148148
6 0.46258101851851857 0.6045717592592592 0.1760416666666668 0.14710648148148148
6 0.4366782407407407 0.7273726851851852 0.13825231481481487 0.10665509259259257
6 0.3902777777777778 0.875925925925926 0.05768518518518526 0.19583333333333322
6 0.11561342592592594 0.10465856481481481 0.1890277777777778 0.20931712962962962
6 0.5662673611111112 0.5249710648148148 0.026435185185185263 0.19467592592592595
6 0.46624999999999994 0.4255787037037037 0.19395833333333332 0.03530092592592595
6 0.45084490740740735 0.39646990740740745 0.16898148148148148 0.0375
6 0.43156828703703703 0.362818287037037 0.13148148148148148 0.03611111111111107
6 0.41075231481481483 0.32609953703703703 0.09094907407407397 0.047106481481481485
6 0.39697337962962964 0.28833912037037035 0.06892361111111107 0.02598379629629628
6 0.39569444444444446 0.2501157407407407 0.05643518518518516 0.027083333333333303