4 0.46736111111111106 0.5804108796296296 0.1215856481481481 0.18626157407407398
1 0.2998321759259259 0.4042766203703703 0.030347222222222213 0.03916666666666657
3 0.32383101851851853 0.382962962962963 0.02850694444444448 0.03438657407407408
6 0.2801273148148148 0.3795891203703704 0.033379629629629634 0.03778935185185191
6 0.3954716435185185 0.8203356481481482 0.790943287037037 0.3593287037037037
6 0.8502951388888889 0.9295457175925925 0.16745370370370374 0.14090856481481495
6 0.5768692129629629 0.5978761574074074 0.11275462962962965 0.16861111111111118
6 0.67359375 0.6326157407407408 0.09543981481481474 0.08662037037037038
6 0.35105902777777775 0.5452951388888889 0.13576388888888885 0.2415972222222223
6 0.3775405092592593 0.41593749999999996 0.07694444444444448 0.037256944444444426
6 0.47366319444444444 0.4608333333333333 0.11261574074074066 0.06116898148148149
6 0.2717303240740741 0.5609780092592592 0.053032407407407424 0.21178240740740756
6 0.21845486111111115 0.5868287037037037 0.07083333333333339 0.14432870370370363
6 0.14519097222222221 0.6060069444444445 0.09259259259259256 0.09112268518518522
6 0.07611111111111112 0.6207291666666667 0.053148148148148146 0.05608796296296283
6 0.32979166666666665 0.4146759259259259 0.027129629629629635 0.037418981481481595