4 0.5841145833333333 0.5244791666666666 0.18708333333333335 0.11892361111111108
1 0.4066666666666666 0.33977430555555554 0.03937500000000007 0.02979166666666666
3 0.38552083333333337 0.3614236111111111 0.03458333333333332 0.02802083333333334
6 0.3818229166666667 0.3176388888888889 0.03802083333333339 0.03284722222222225
6 0.8203385416666666 0.4513020833333333 0.3593229166666667 0.8440972222222223
6 0.9326041666666667 0.9308940972222223 0.13479166666666664 0.1382118055555555
6 0.6023958333333332 0.6351215277777778 0.16937500000000014 0.11034722222222229
6 0.6378645833333334 0.73484375 0.08729166666666668 0.09423611111111115
6 0.548125 0.4052604166666667 0.24250000000000008 0.1322916666666666
6 0.41890625000000004 0.4182118055555556 0.03781250000000007 0.07645833333333325
6 0.46453124999999995 0.5183854166666666 0.061979166666666786 0.11180555555555553
6 0.5632291666666667 0.3280381944444445 0.21208333333333335 0.0499305555555555
6 0.5886979166666666 0.2777604166666666 0.1447916666666668 0.06875
6 0.60734375 0.20692708333333334 0.09177083333333336 0.09131944444444447
6 0.6215625 0.13979166666666668 0.05645833333333332 0.05236111111111112
6 0.41729166666666667 0.370625 0.03760416666666675 0.02659722222222225