4 0.5350694444444445 0.46723958333333326 0.15469907407407407 0.06333333333333328
1 0.5119907407407408 0.40406250000000005 0.12097222222222222 0.08291666666666657
2 0.3668518518518519 0.4605208333333334 0.01902777777777782 0.01062499999999993
2 0.36978587962962967 0.49307291666666664 0.012731481481481488 0.008645833333333287
2 0.3711342592592593 0.5265104166666668 0.02224537037037031 0.013958333333333428
6 0.6805034722222223 0.5323958333333334 0.5774999999999999 0.12270833333333328
6 0.8447685185185186 0.7514583333333332 0.23923611111111107 0.3902083333333334
6 0.6583854166666667 0.6999479166666667 0.16030092592592596 0.25239583333333326
6 0.5257696759259259 0.6495312500000001 0.08523148148148145 0.1397916666666667
6 0.45746527777777785 0.6127604166666666 0.06062499999999993 0.04614583333333329
6 0.7983333333333333 0.246171875 0.3673958333333333 0.49234375
6 0.5479803240740742 0.2683333333333333 0.14788194444444436 0.20166666666666666
6 0.4232465277777777 0.4255729166666667 0.056331018518518405 0.16437500000000008
6 0.4565625 0.32744791666666667 0.030798611111111106 0.03947916666666664
6 0.3474074074074074 0.4852083333333333 0.018113425925925953 0.03239583333333336
6 0.3854224537037037 0.43901041666666674 0.027025462962962977 0.0173958333333335
6 0.38424189814814813 0.4788541666666667 0.027118055555555555 0.0205208333333335
6 0.36163194444444446 0.47880208333333335 0.02224537037037031 0.01395833333333325
6 0.3747685185185185 0.5091145833333334 0.03800925925925931 0.019687499999999858