4 0.48359375 0.5105729166666666 0.15666666666666665 0.05539351851851855
1 0.5042708333333333 0.44609953703703703 0.12375000000000007 0.07675925925925924
2 0.6511458333333333 0.4951041666666667 0.019375000000000142 0.00965277777777782
2 0.6494270833333333 0.5278587962962963 0.013020833333333393 0.007997685185185333
2 0.6493229166666666 0.561417824074074 0.022708333333333285 0.012824074074073977
6 0.3409375 0.5833854166666667 0.5806250000000001 0.09289351851851854
6 0.18520833333333334 0.8110648148148147 0.253125 0.3778703703703705
6 0.36921875000000004 0.7500462962962964 0.1692708333333334 0.24445601851851856
6 0.49963541666666667 0.6926620370370371 0.09020833333333336 0.1355787037037036
6 0.56640625 0.6522858796296296 0.06218749999999993 0.04306712962962962
6 0.21156250000000001 0.2700578703703704 0.3871875 0.5395833333333333
6 0.46333333333333326 0.31203125 0.15500000000000008 0.19429398148148155
6 0.5935937499999999 0.46303240740740736 0.062291666666666676 0.16170138888888896
6 0.55671875 0.3664872685185185 0.032187500000000036 0.03793981481481481
6 0.6714583333333334 0.5188194444444445 0.019270833333333216 0.03150462962962948
6 0.6318229166666667 0.47452546296296294 0.027604166666666784 0.016018518518518477
6 0.6344791666666667 0.5143692129629629 0.027812499999999928 0.019143518518518476
6 0.65703125 0.5131423611111112 0.022708333333333285 0.012824074074073977
6 0.6450520833333333 0.5441840277777779 0.03864583333333336 0.017743055555555644