1 0.5852719907407408 0.46935763888888893 0.10017361111111107 0.09445601851851855
4 0.4646875 0.5942939814814815 0.13313657407407398 0.21809027777777779
1 0.32421875 0.6354571759259259 0.15422453703703703 0.17295138888888886
6 0.5302025462962963 0.40095486111111106 0.07061342592592582 0.03644675925925931
6 0.4525578703703704 0.43633101851851847 0.08298611111111107 0.0943287037037038
6 0.5835821759259259 0.41151041666666666 0.03690972222222229 0.019016203703703737
6 0.48092303240740736 0.8453153935185185 0.9618460648148147 0.30936921296296305
6 0.20670717592592594 0.5641435185185185 0.4134143518518519 0.25942129629629634
6 0.7541145833333334 0.5894039351851852 0.4414583333333333 0.2000694444444445
6 0.6416030092592593 0.4682118055555556 0.20372685185185196 0.07335648148148159
6 0.7657407407407407 0.4706944444444444 0.0455324074074074 0.03469907407407398
6 0.3430092592592593 0.4237962962962962 0.136400462962963 0.04005787037037045