1 0.5667534722222223 0.6371238425925926 0.09869212962962966 0.10017361111111107
4 0.43505787037037036 0.5165393518518518 0.2235069444444445 0.13313657407407398
1 0.38570023148148147 0.3760706018518519 0.17940972222222218 0.15422453703703703
6 0.6316840277777778 0.5820543981481482 0.03950231481481481 0.07061342592592582
6 0.5918171296296297 0.5044097222222221 0.09780092592592596 0.08298611111111107
6 0.6243229166666666 0.6354340277777778 0.020613425925925986 0.03690972222222229
6 0.18057291666666667 0.500390625 0.36106481481481484 0.99921875
6 0.4490046296296296 0.24456018518518516 0.27844907407407415 0.441412037037037
6 0.4570775462962963 0.7926186342592592 0.21923611111111113 0.4147627314814816
6 0.5712326388888889 0.6934548611111111 0.08224537037037045 0.20372685185185196
6 0.5761111111111111 0.8175925925925925 0.03664351851851855 0.0455324074074074
6 0.5978240740740741 0.3948611111111111 0.046030092592592456 0.136400462962963