4 0.5669791666666667 0.470011574074074 0.15680555555555564 0.0831018518518519
1 0.38295717592592593 0.42171875 0.029803240740740745 0.017164351851851833
2 0.3745601851851852 0.4487268518518519 0.015706018518518494 0.01174768518518512
6 0.6964814814814815 0.3327777777777778 0.5856018518518518 0.19592592592592598
6 0.7784027777777778 0.12777199074074075 0.4146064814814814 0.2555439814814815
6 0.5196006944444445 0.19345486111111113 0.09942129629629619 0.1379166666666667
6 0.8251215277777778 0.6846469907407406 0.34975694444444444 0.5636226851851852
6 0.5724479166666667 0.5752372685185184 0.14467592592592596 0.1324537037037036
6 0.437199074074074 0.46423611111111107 0.09115740740740748 0.07657407407407409
6 0.46263310185185186 0.5215335648148148 0.05967592592592581 0.04370370370370367
6 0.6006192129629631 0.6855381944444444 0.08513888888888879 0.10749999999999993
6 0.5315914351851851 0.6516030092592592 0.03763888888888882 0.02069444444444457
6 0.4691840277777778 0.5618344907407408 0.048692129629629655 0.03688657407407412
6 0.3633043981481482 0.4063252314814815 0.014120370370370417 0.008541666666666715
6 0.3897511574074074 0.3893229166666667 0.025277777777777823 0.03879629629629626
6 0.6169155092592593 0.7753530092592593 0.06616898148148138 0.07684027777777765