4 0.45155671296296296 0.5201909722222222 0.1584722222222222 0.08194444444444446
1 0.6368634259259259 0.5861631944444444 0.030150462962962976 0.01694444444444443
2 0.6446701388888888 0.5599826388888889 0.015949074074073977 0.011631944444444287
6 0.3249537037037037 0.6448611111111111 0.5892824074074074 0.19159722222222228
6 0.2480497685185185 0.8577864583333333 0.420925925925926 0.2844270833333333
6 0.5051331018518519 0.8011111111111111 0.10237268518518512 0.13718749999999993
6 0.18464120370370368 0.2805034722222222 0.36928240740740736 0.5610069444444444
6 0.44374421296296296 0.4145138888888889 0.14745370370370364 0.13138888888888883
6 0.5816145833333334 0.5384548611111111 0.09275462962962955 0.07590277777777779
6 0.5548784722222223 0.47874999999999995 0.06057870370370359 0.04326388888888886
6 0.4130902777777778 0.3015798611111111 0.0874305555555555 0.10687499999999997
6 0.48295138888888883 0.3421354166666667 0.03805555555555564 0.02041666666666666
6 0.5474247685185185 0.4378472222222222 0.04945601851851862 0.036527777777777715
6 0.656880787037037 0.6034375 0.014293981481481487 0.008437499999999964
6 0.63078125 0.6178819444444444 0.026111111111111106 0.03861111111111111
6 0.3947800925925926 0.21026041666666667 0.06780092592592588 0.07635416666666668