4 0.4621469907407407 0.4893229166666666 0.2485879629629629 0.13240740740740725
6 0.6653877314814814 0.43874421296296295 0.020694444444444394 0.03819444444444446
6 0.6241319444444444 0.45827546296296295 0.08206018518518512 0.018634259259259166
6 0.623292824074074 0.42699652777777775 0.06789351851851855 0.04618055555555554
6 0.30690393518518516 0.3635706018518518 0.5550810185185184 0.1484375
6 0.6150983796296297 0.38972800925925927 0.051458333333333425 0.029976851851851904
6 0.6017997685185185 0.359693287037037 0.03895833333333343 0.02951388888888893
6 0.6295775462962963 0.487818287037037 0.06164351851851855 0.045949074074074045
6 0.2400115740740741 0.7793402777777778 0.38774305555555555 0.44010416666666663
6 0.19179398148148147 0.49855324074074076 0.29743055555555553 0.14201388888888894
6 0.4883912037037037 0.6331597222222223 0.13967592592592587 0.16736111111111107
6 0.4723784722222222 0.7621238425925926 0.09796296296296311 0.08472222222222214
6 0.5785243055555556 0.5750289351851852 0.05900462962962969 0.055208333333333214
6 0.6078819444444445 0.5222800925925926 0.03895833333333343 0.02951388888888893
6 0.4566145833333334 0.8355034722222221 0.0723148148148148 0.07129629629629619
6 0.22411458333333334 0.2312210648148148 0.40885416666666663 0.1554976851851851
6 0.19421875 0.08356481481481481 0.3430439814814815 0.16712962962962963
6 0.469212962962963 0.23310185185185187 0.11240740740740733 0.1226851851851852