4 0.5453414351851851 0.5388946759259259 0.24675925925925918 0.1377893518518519
6 0.3414641203703703 0.48375 0.02013888888888893 0.03861111111111111
6 0.38298611111111114 0.50421875 0.08182870370370372 0.020439814814814737
6 0.3833622685185185 0.4729224537037037 0.06724537037037041 0.047638888888888786
6 0.6986400462962963 0.41644097222222226 0.5531828703703704 0.16062499999999993
6 0.39100115740740743 0.43579282407407405 0.05104166666666661 0.031087962962962835
6 0.4038483796296296 0.4060185185185185 0.038541666666666786 0.030347222222222213
6 0.37798032407407406 0.5336747685185186 0.060995370370370415 0.047268518518518474
6 0.7716435185185185 0.8050289351851851 0.38142361111111106 0.3899421296296296
6 0.8156828703703705 0.5541319444444445 0.29548611111111106 0.14847222222222226
6 0.521238425925926 0.6823148148148148 0.1372685185185185 0.17027777777777792
6 0.5391493055555555 0.8117824074074074 0.09675925925925917 0.08680555555555572
6 0.43029513888888893 0.6221180555555555 0.05821759259259274 0.05645833333333332
6 0.40017361111111105 0.5686574074074074 0.038541666666666786 0.030347222222222213
6 0.5559895833333334 0.8855960648148148 0.07129629629629619 0.07282407407407412
6 0.7794270833333334 0.28577546296296297 0.4067708333333332 0.16442129629629632
6 0.80703125 0.13238425925925926 0.34056712962962976 0.18700231481481483
6 0.5344907407407408 0.2822222222222222 0.11064814814814809 0.12504629629629632