4 0.5337500000000001 0.5806423611111111 0.09509259259259259 0.13006944444444457
1 0.4331423611111111 0.4496701388888889 0.04340277777777786 0.04777777777777779
1 0.4692997685185185 0.42784722222222216 0.04395833333333332 0.05715277777777779
6 0.269994212962963 0.7511111111111111 0.4773958333333333 0.4459722222222222
6 0.6007233796296296 0.8276822916666667 0.22027777777777793 0.3446354166666666
6 0.2621759259259259 0.5270138888888889 0.308275462962963 0.014652777777777714
6 0.2721412037037037 0.5108506944444444 0.2885185185185185 0.023576388888889
6 0.27457175925925925 0.4992013888888889 0.2695833333333333 0.02003472222222218
6 0.3632002314814815 0.4543576388888889 0.08789351851851848 0.06125000000000007
6 0.28531249999999997 0.4697916666666667 0.07078703703703706 0.03590277777777775
6 0.5031076388888889 0.4980381944444444 0.17050925925925925 0.03343750000000014
6 0.5226736111111111 0.4727256944444445 0.11609953703703706 0.03690972222222229
6 0.5307465277777779 0.4377951388888889 0.07658564814814817 0.0547569444444445