4 0.543605324074074 0.51265625 0.1326620370370371 0.09034722222222236
1 0.41951967592592593 0.41682291666666665 0.048981481481481556 0.04166666666666678
1 0.39491898148148147 0.45381944444444444 0.05835648148148147 0.041874999999999926
6 0.734386574074074 0.2423611111111111 0.45935185185185184 0.46125
6 0.7877662037037038 0.570486111111111 0.35255787037037045 0.2076041666666665
6 0.5098842592592593 0.24284722222222221 0.023773148148148238 0.30798611111111107
6 0.4929108796296296 0.25342013888888887 0.032094907407407544 0.28788194444444437
6 0.4810300925925926 0.25628472222222226 0.02799768518518526 0.2690625000000001
6 0.4294155092592593 0.34664930555555556 0.06374999999999993 0.08569444444444443
6 0.45069444444444445 0.268125 0.03793981481481481 0.06951388888888888
6 0.4629108796296296 0.48505208333333333 0.038437500000000034 0.16940972222222223
6 0.43603587962962964 0.5055729166666667 0.040289351851851764 0.11482638888888896
6 0.40035300925925926 0.5149479166666666 0.056932870370370384 0.0746180555555556