4 0.4532291666666667 0.47067129629629634 0.17055555555555557 0.09124999999999997
1 0.6424652777777778 0.43207754629629636 0.019097222222222144 0.016736111111111108
6 0.6576215277777778 0.37485532407407407 0.022743055555555537 0.04035879629629626
6 0.6357465277777777 0.41135416666666663 0.041180555555555644 0.027407407407407547
6 0.5860416666666667 0.462800925925926 0.07951388888888893 0.06712962962962976
6 0.281875 0.680306712962963 0.5398611111111111 0.348761574074074
6 0.38552083333333337 0.9088483796296295 0.26246527777777773 0.1544328703703705
6 0.15760416666666668 0.26796875 0.31486111111111115 0.5359375
6 0.33947916666666667 0.28027777777777774 0.06048611111111111 0.47483796296296293
6 0.4009027777777778 0.29854166666666665 0.08090277777777768 0.2700694444444444
6 0.47550347222222217 0.3465335648148148 0.060000000000000143 0.1720833333333333
6 0.5190972222222222 0.37211226851851853 0.036840277777777784 0.11297453703703705
6 0.5611979166666666 0.40090856481481485 0.043645833333333425 0.06812500000000003
6 0.5981770833333333 0.4104513888888889 0.030590277777777786 0.04238425925925924
6 0.5847395833333333 0.5450173611111111 0.06777777777777771 0.10076388888888879
6 0.5675 0.6492997685185184 0.058680555555555534 0.11270833333333333
6 0.6387152777777778 0.47454282407407417 0.029201388888888857 0.050104166666666575