4 0.5357291666666667 0.5051388888888889 0.17236111111111113 0.08375000000000003
1 0.34710069444444447 0.47498263888888886 0.019444444444444466 0.01590277777777782
6 0.33319444444444446 0.4184895833333334 0.023611111111111072 0.03938657407407398
6 0.3542881944444444 0.45398148148148143 0.041736111111111106 0.025601851851851976
6 0.4029166666666667 0.5031712962962963 0.08090277777777768 0.06365740740740726
6 0.70265625 0.7069618055555555 0.5469097222222222 0.32508101851851856
6 0.5938020833333333 0.9342129629629629 0.2655555555555555 0.13157407407407434
6 0.8363541666666666 0.2844444444444444 0.3265972222222224 0.5326157407407408
6 0.6538541666666667 0.3098842592592593 0.07097222222222221 0.4726157407407407
6 0.5919444444444444 0.3308564814814815 0.08680555555555554 0.2667361111111111
6 0.5161805555555555 0.38211226851851854 0.06374999999999993 0.16958333333333336
6 0.47196180555555556 0.40960069444444447 0.03930555555555557 0.11144675925925931
6 0.4291666666666667 0.44023726851851847 0.04510416666666668 0.06625000000000014
6 0.3919270833333333 0.45141203703703703 0.03149305555555557 0.04106481481481481
6 0.4023958333333333 0.5852488425925927 0.06993055555555543 0.09784722222222228
6 0.41734375 0.6886631944444443 0.061111111111111074 0.11020833333333328
6 0.34991319444444446 0.5172395833333333 0.030277777777777716 0.04885416666666664