4 0.49765625 0.55390625 0.1046875 0.15234375
3 0.41015625 0.39453125 0.0328125 0.0640625
0 0.48515625 0.3921875 0.03515625 0.05078125
1 0.3390625 0.4234375 0.03515625 0.0734375
1 0.3625 0.37109375 0.0203125 0.0265625
6 0.5 0.82109375 1 0.3578125
6 0.2234375 0.5515625 0.44140625 0.17578125
6 0.69765625 0.6 0.29140625 0.090625
6 0.62734375 0.51328125 0.1546875 0.08125
6 0.52734375 0.44140625 0.1890625 0.046875
6 0.2296875 0.446875 0.17890625 0.03984375
6 0.396875 0.44453125 0.07265625 0.03984375
6 0.4484375 0.390625 0.0375 0.0421875
6 0.375 0.40546875 0.02578125 0.0390625