4 0.49824074074074076 0.5687905092592593 0.10582175925925927 0.15622685185185184
3 0.5869212962962963 0.4120081018518519 0.03328703703703706 0.06503472222222229
0 0.5119386574074074 0.40744212962962967 0.03474537037037031 0.051018518518518616
1 0.6578009259259259 0.4430208333333333 0.034918981481481384 0.07445601851851862
1 0.6347511574074074 0.3899826388888889 0.020509259259259238 0.027164351851851797
6 0.49762152777777774 0.82109375 0.9952430555555555 0.3578125
6 0.7724768518518518 0.5745717592592593 0.4419212962962963 0.18805555555555564
6 0.29789930555555555 0.6089583333333334 0.2912962962962963 0.09923611111111122
6 0.36885416666666665 0.5243229166666667 0.1552893518518518 0.08583333333333343
6 0.469386574074074 0.45541087962962956 0.18940972222222213 0.05247685185185169
6 0.7670023148148148 0.46969907407407413 0.17842592592592582 0.045902777777777716
6 0.5998321759259259 0.46240162037037036 0.07217592592592581 0.042754629629629545
6 0.5486689814814815 0.40696759259259263 0.03781250000000007 0.04329861111111111
6 0.6219965277777778 0.42398726851851853 0.025289351851851903 0.0398032407407408