4 0.5428472222222223 0.4648321759259259 0.1554513888888888 0.1137615740740742
3 0.38541666666666663 0.3867766203703703 0.06479166666666662 0.0366087962962963
0 0.38140625 0.4619155092592592 0.05076388888888887 0.03733796296296284
1 0.41590277777777784 0.31396990740740743 0.07420138888888879 0.03872685185185185
1 0.3630381944444444 0.34050925925925923 0.027013888888888893 0.021886574074074083
6 0.8099826388888889 0.4809722222222222 0.3800347222222221 0.9619444444444444
6 0.5465972222222222 0.20812499999999998 0.18479166666666663 0.41624999999999995
6 0.5844965277777778 0.6621006944444444 0.09708333333333333 0.2959953703703704
6 0.4993402777777778 0.5969270833333333 0.08468750000000007 0.15950231481481475
6 0.4296875 0.5011863425925925 0.05107638888888886 0.19184027777777785
6 0.44177083333333333 0.2032060185185185 0.04458333333333329 0.18053240740740736
6 0.43571180555555555 0.3705324074074074 0.04222222222222225 0.07428240740740737
6 0.3806597222222222 0.4252893518518519 0.043020833333333376 0.039999999999999855
6 0.39713541666666663 0.3509722222222222 0.03961805555555555 0.027314814814814882