4 0.41677083333333337 0.48204861111111114 0.16902777777777764 0.0839236111111111
3 0.34578125000000004 0.6232118055555556 0.2004513888888889 0.12430555555555553
2 0.5353645833333334 0.5680034722222222 0.04812499999999993 0.030208333333333216
2 0.5330555555555556 0.6725868055555555 0.060416666666666785 0.026076388888888857
1 0.5879861111111111 0.4541666666666666 0.019444444444444466 0.016458333333333287
6 0.1521701388888889 0.5 0.3043402777777778 1
6 0.3760416666666667 0.7668923611111111 0.20444444444444443 0.17906249999999985
6 0.3317708333333333 0.9209027777777777 0.13055555555555554 0.1305555555555557
6 0.3280381944444445 0.32069444444444445 0.09965277777777785 0.4878472222222222
6 0.3978645833333333 0.3285069444444445 0.07652777777777775 0.24822916666666667
6 0.45159722222222226 0.3651041666666667 0.06333333333333328 0.16187499999999994
6 0.5060069444444444 0.40401041666666665 0.0656944444444445 0.07465277777777786
6 0.5284722222222222 0.49501736111111116 0.04392361111111107 0.11111111111111108
6 0.43295138888888884 0.5390277777777778 0.13114583333333343 0.038576388888888855
6 0.4769618055555556 0.6189409722222223 0.05194444444444457 0.11614583333333321
6 0.5330381944444444 0.6203472222222223 0.05340277777777782 0.07878472222222221
6 0.6211805555555555 0.3037673611111111 0.022916666666666786 0.024409722222222284
6 0.6056076388888889 0.3559201388888889 0.02763888888888886 0.06048611111111111
6 0.6204861111111111 0.31939236111111113 0.013055555555555643 0.013055555555555553
6 0.5918229166666666 0.42046875000000006 0.040138888888888856 0.06104166666666657
6 0.5551388888888888 0.49149305555555556 0.03659722222222221 0.12170138888888893
6 0.5783333333333334 0.4959201388888889 0.04777777777777779 0.09256944444444457