4 0.5150578703703703 0.5757060185185185 0.08146990740740741 0.16789351851851855
3 0.3786979166666667 0.6364525462962962 0.12141203703703703 0.1987384259259258
2 0.42001736111111115 0.4503414351851852 0.02951388888888893 0.04770833333333328
2 0.31526041666666665 0.4448958333333334 0.025196759259259238 0.06006944444444447
1 0.530324074074074 0.40599537037037037 0.016180555555555642 0.019212962962962977
6 0.5103009259259259 0.84765625 0.9793981481481481 0.3046875
6 0.2322974537037037 0.5954282407407407 0.17614583333333336 0.20192129629629624
6 0.08106481481481481 0.6284143518518519 0.1287037037037037 0.12870370370370382
6 0.6835300925925927 0.676707175925926 0.4866898148148149 0.09247685185185191
6 0.6705092592592592 0.6060706018518518 0.24725694444444457 0.07289351851851862
6 0.6298032407407407 0.5494444444444444 0.16104166666666658 0.06097222222222225
6 0.5867303240740741 0.4919675925925926 0.0737268518518519 0.06462962962962955
6 0.49375578703703704 0.46267361111111105 0.11053240740740744 0.042303240740740836
6 0.4566898148148148 0.5552430555555555 0.03665509259259263 0.13065972222222227
6 0.3732465277777778 0.50515625 0.11545138888888884 0.050254629629629656
6 0.36767361111111113 0.4487905092592593 0.07804398148148142 0.05226851851851855
6 0.678755787037037 0.3838541666666667 0.02408564814814813 0.022569444444444465
6 0.6275868055555556 0.39560763888888884 0.06011574074074062 0.02675925925925924
6 0.6631307870370371 0.3833912037037037 0.01287037037037031 0.01287037037037031
6 0.5638483796296296 0.40464699074074073 0.06048611111111111 0.03925925925925924
6 0.4953125 0.43618055555555557 0.12123842592592596 0.03481481481481481
6 0.4891493055555555 0.41258101851851847 0.09192129629629626 0.04643518518518519