4 0.4140046296296296 0.5103761574074074 0.18495370370370381 0.09350694444444443
1 0.54609375 0.36283564814814817 0.05167824074074083 0.04410879629629631
6 0.6019965277777778 0.26241319444444444 0.02303240740740744 0.01578703703703699
6 0.25959201388888886 0.3168460648148148 0.5191840277777777 0.28668981481481487
6 0.23185763888888894 0.0884837962962963 0.4611689814814815 0.17519675925925926
6 0.5502604166666666 0.30658564814814815 0.06822916666666679 0.05672453703703706
6 0.5343460648148148 0.4370081018518519 0.05706018518518512 0.09568287037037031
6 0.16507523148148148 0.6997858796296297 0.33015046296296297 0.4839467592592593
6 0.37884837962962964 0.6367476851851852 0.1366898148148148 0.15873842592592596
6 0.4730034722222222 0.5897627314814814 0.05271990740740744 0.0581712962962964
6 0.5239293981481481 0.5143171296296296 0.03576388888888893 0.06116898148148149
6 0.35625 0.7624305555555556 0.10405092592592595 0.09759259259259263