4 0.5301793981481481 0.48078125 0.1815393518518519 0.09614583333333329
1 0.40358796296296295 0.6319097222222222 0.05005787037037042 0.04482638888888886
6 0.35141782407407407 0.7337673611111111 0.022453703703703632 0.016111111111111142
6 0.7043113425925925 0.6689409722222222 0.533912037037037 0.29444444444444445
6 0.7278935185185185 0.8963541666666668 0.45486111111111105 0.18340277777777772
6 0.4015046296296296 0.6881597222222222 0.06614583333333321 0.057673611111111175
6 0.41258680555555555 0.5575520833333333 0.05353009259259256 0.09642361111111111
6 0.8067997685185185 0.28338541666666667 0.38188657407407406 0.48934027777777783
6 0.5606481481481481 0.3536458333333333 0.13084490740740726 0.16059027777777776
6 0.4682581018518519 0.4033159722222222 0.050578703703703806 0.05888888888888886
6 0.42013888888888895 0.48010416666666667 0.033506944444444284 0.06163194444444446
6 0.578587962962963 0.22756944444444444 0.10046296296296298 0.0990277777777778