4 0.4217361111111111 0.4759953703703704 0.18121527777777774 0.07806712962962958
6 0.161328125 0.498052662037037 0.32265625 0.996105324074074
6 0.418125 0.32245370370370374 0.21618055555555565 0.246875
6 0.3718402777777778 0.12274305555555556 0.14906250000000004 0.17628472222222222
6 0.3548263888888889 0.020520833333333332 0.06534722222222218 0.041041666666666664
6 0.5615277777777778 0.40085648148148145 0.07027777777777774 0.0723148148148148
6 0.5419444444444445 0.3339814814814815 0.042048611111111 0.06616898148148147
6 0.37619791666666663 0.6289641203703704 0.1270138888888889 0.2375694444444445
6 0.4744791666666666 0.595775462962963 0.06166666666666672 0.17643518518518525
6 0.3332638888888889 0.8403240740740742 0.05090277777777778 0.1836805555555557
6 0.5438194444444445 0.49541666666666667 0.0374305555555555 0.1392824074074074
6 0.5763541666666667 0.47109953703703705 0.01090277777777775 0.06923611111111114
6 0.5262152777777779 0.5501736111111111 0.04250000000000007 0.08648148148148138