4 0.4032754629629629 0.5272916666666667 0.18376157407407412 0.08072916666666678
6 0.161328125 0.5004947916666667 0.32265625 0.9990104166666667
6 0.40536458333333336 0.3729166666666667 0.22491898148148143 0.25
6 0.3665740740740741 0.1671875 0.15531249999999996 0.17843749999999997
6 0.35375578703703703 0.05260416666666666 0.067488425925926 0.06208333333333334
6 0.5455844907407407 0.4685416666666667 0.07282407407407412 0.07333333333333343
6 0.5285185185185185 0.3991666666666666 0.04442129629629612 0.06677083333333336
6 0.35215277777777776 0.6752604166666666 0.13557870370370367 0.23937500000000006
6 0.45147569444444446 0.6536458333333334 0.06809027777777779 0.1772916666666667
6 0.3014641203703704 0.8820833333333333 0.05761574074074076 0.184375
6 0.5244039351851851 0.56125 0.04252314814814824 0.1397916666666667
6 0.5577777777777777 0.5407291666666667 0.013449074074074118 0.06937499999999996
6 0.5048032407407408 0.6140625 0.04562500000000007 0.08708333333333336