4 0.46656250000000005 0.5409837962962962 0.10874999999999986 0.17956018518518527
1 0.7059375 0.6029976851851853 0.23104166666666667 0.164201388888889
3 0.8788541666666667 0.39751157407407406 0.18999999999999986 0.18076388888888886
6 0.47010416666666666 0.4059085648148148 0.2685416666666667 0.04768518518518512
6 0.39875 0.7035474537037038 0.06031250000000003 0.5534722222222221
6 0.3733854166666667 0.7796296296296296 0.03833333333333337 0.38768518518518535
6 0.344375 0.828449074074074 0.06312499999999996 0.291273148148148
6 0.36734374999999997 0.647818287037037 0.014270833333333321 0.073576388888889
6 0.2997916666666667 0.87671875 0.0546875 0.2349537037037038
6 0.46286458333333336 0.8071817129629629 0.13895833333333343 0.3517129629629629
6 0.5581770833333334 0.805769675925926 0.08572916666666668 0.32594907407407414
6 0.7659895833333333 0.8378125000000001 0.36750000000000005 0.2910995370370372
6 0.8900520833333333 0.5924652777777778 0.15166666666666656 0.2145370370370369
6 0.556875 0.5443287037037037 0.090625 0.21207175925925928
6 0.69359375 0.4486458333333333 0.19364583333333343 0.14179398148148153