4 0.503125 0.5484375 0.096875 0.17890625
1 0.746875 0.6140625 0.2203125 0.1609375
3 0.90625 0.4109375 0.17890625 0.17890625
6 0.49765625 0.41328125 0.26484375 0.04375
6 0.44609375 0.71015625 0.0234375 0.55234375
6 0.42578125 0.7859375 0.01171875 0.38828125
6 0.4 0.834375 0.04296875 0.29140625
6 0.4109375 0.65390625 0.01015625 0.0734375
6 0.35859375 0.88203125 0.0390625 0.23515625
6 0.5171875 0.81484375 0.115625 0.34921875
6 0.6125 0.81484375 0.0640625 0.32578125
6 0.82265625 0.85 0.3484375 0.2859375
6 0.93046875 0.60625 0.13671875 0.2125
6 0.59375 0.553125 0.0765625 0.2109375
6 0.72421875 0.459375 0.18359375 0.1390625