4 0.5852430555555556 0.5334375 0.18530092592592595 0.10874999999999986
1 0.6328125 0.2940625 0.17725694444444445 0.23104166666666667
3 0.4178819444444445 0.12114583333333333 0.19131944444444446 0.19000000000000003
6 0.4504918981481481 0.5298958333333333 0.06342592592592596 0.2685416666666667
6 0.7368778935185185 0.6012500000000001 0.526244212962963 0.06031250000000003
6 0.8171296296296295 0.6266145833333333 0.3657407407407408 0.03833333333333329
6 0.865943287037037 0.655625 0.26811342592592596 0.06312500000000014
6 0.6975405092592593 0.6326562499999999 0.07413194444444446 0.014270833333333321
6 0.9054542824074074 0.7002083333333333 0.18909143518518512 0.0546875
6 0.8356626157407409 0.5371354166666666 0.32867476851851835 0.13895833333333343
6 0.8393373842592592 0.4418229166666666 0.3213252314814817 0.08572916666666668
6 0.8536313657407408 0.2340104166666667 0.29273726851851833 0.3675
6 0.611400462962963 0.10994791666666667 0.22268518518518512 0.15166666666666667
6 0.5832175925925925 0.44312500000000005 0.2166087962962962 0.090625
6 0.47980324074074077 0.30640625 0.15271990740740743 0.19364583333333335