4 0.44140625 0.496730324074074 0.184375 0.07949074074074076
1 0.6203125 0.6352488425925926 0.028125 0.02052083333333332
6 0.33359375 0.6733101851851852 0.653125 0.059525462962962905
6 0.3125 0.5961226851851852 0.6 0.10131944444444443
6 0.1734375 0.3760590277777778 0.346875 0.34475694444444444
6 0.40234375 0.3978009259259259 0.1 0.12105324074074071
6 0.25078125 0.8481423611111112 0.5015625 0.30371527777777774
6 0.5359375 0.7624363425925926 0.0609375 0.13170138888888872
6 0.58359375 0.7120833333333334 0.034375 0.028379629629629654
6 0.56796875 0.517667824074074 0.046875 0.05034722222222214
6 0.49296875 0.42369212962962965 0.053125 0.050393518518518476