4 0.5248263888888889 0.5845196759259259 0.08631944444444457 0.18842592592592594
1 0.37703125000000004 0.3983622685185185 0.02156249999999993 0.029178240740740692
6 0.3538368055555555 0.6776186342592593 0.08371527777777779 0.6447627314814814
6 0.43211805555555555 0.7029050925925926 0.12354166666666674 0.5941898148148148
6 0.6593923611111111 0.8382696759259259 0.35760416666666667 0.3234606481481482
6 0.62578125 0.6287268518518518 0.12475694444444443 0.10623842592592592
6 0.18329861111111112 0.74921875 0.3222916666666667 0.5015625
6 0.25421875 0.4761747685185185 0.13395833333333335 0.06774305555555564
6 0.30210069444444443 0.43111111111111117 0.02965277777777775 0.035833333333333425
6 0.4973263888888889 0.4568229166666667 0.05208333333333339 0.04946759259259252
6 0.5951909722222222 0.536724537037037 0.05236111111111121 0.05571759259259253