4 0.46161458333333333 0.5781886574074073 0.08520833333333329 0.1570138888888888
1 0.28421875 0.47570023148148144 0.05958333333333332 0.09962962962962969
1 0.31494791666666666 0.308744212962963 0.033333333333333395 0.03287037037037042
6 0.24854166666666666 0.11715277777777777 0.055625000000000036 0.04025462962962965
6 0.3 0.23898148148148152 0.07770833333333335 0.06787037037037039
6 0.27416666666666667 0.17962962962962964 0.05291666666666668 0.046342592592592616
6 0.3070833333333333 0.1915277777777778 0.01729166666666666 0.025810185185185207
6 0.26869791666666665 0.85234375 0.5373958333333333 0.2953125
6 0.211015625 0.6533564814814815 0.42203125 0.1628819444444444
6 0.23041666666666671 0.5536574074074074 0.3890625 0.09024305555555542
6 0.4708333333333334 0.6986111111111111 0.12104166666666671 0.08724537037037053
6 0.40166666666666667 0.45435185185185184 0.17593750000000002 0.06984953703703703
6 0.36463541666666666 0.5041724537037038 0.11854166666666668 0.04974537037037052
6 0.3692708333333333 0.3758449074074074 0.1364583333333334 0.08493055555555555
6 0.45088541666666665 0.3981076388888889 0.039687499999999966 0.058113425925925985
6 0.49765625 0.47265625 0.026875000000000072 0.02942129629629626
6 0.36989583333333337 0.3194328703703704 0.07624999999999993 0.04599537037037038
6 0.35031249999999997 0.2604050925925926 0.027291666666666714 0.035671296296296263
6 0.3604166666666667 0.2852314814814815 0.03989583333333328 0.03788194444444439
6 0.5118229166666668 0.5894155092592592 0.027812499999999928 0.1602662037037037