4 0.4770138888888889 0.5486284722222223 0.08180555555555565 0.15368055555555565
1 0.6647395833333334 0.4542997685185185 0.05743055555555561 0.09726851851851848
1 0.6526736111111111 0.28647569444444443 0.032638888888888926 0.031481481481481485
6 0.7399131944444445 0.09839120370370372 0.05479166666666657 0.03789351851851852
6 0.6752604166666666 0.21758101851851852 0.07628472222222235 0.06460648148148147
6 0.7075173611111112 0.15954861111111113 0.05194444444444457 0.0441203703703704
6 0.6734722222222222 0.16995370370370372 0.016736111111111108 0.025115740740740744
6 0.6701388888888888 0.8424131944444444 0.5970833333333333 0.29026620370370393
6 0.7410243055555557 0.6357060185185185 0.4655555555555555 0.14246527777777782
6 0.7096006944444444 0.5344097222222223 0.3875 0.07315972222222236
6 0.45451388888888894 0.6682870370370371 0.11923611111111114 0.08210648148148145
6 0.5503298611111112 0.42781250000000004 0.17458333333333337 0.0622106481481481
6 0.5816319444444444 0.4791261574074074 0.11756944444444457 0.044606481481481455
6 0.5912326388888889 0.3509722222222222 0.13472222222222213 0.07909722222222229
6 0.5076215277777778 0.36955439814814817 0.038437500000000034 0.056516203703703735
6 0.4528645833333334 0.4418113425925926 0.02624999999999993 0.028310185185185334
6 0.596857638888889 0.2946990740740741 0.07531250000000007 0.04273148148148147
6 0.6228645833333333 0.23671296296296296 0.02652777777777775 0.03456018518518515
6 0.6100694444444444 0.2610185185185185 0.03909722222222225 0.03621527777777782
6 0.4258506944444445 0.5575983796296295 0.024270833333333287 0.15950231481481475