4 0.5568923611111111 0.4731944444444444 0.20555555555555555 0.11840277777777786
1 0.39135416666666667 0.5117708333333333 0.0412152777777778 0.02836805555555557
6 0.34319444444444447 0.43118055555555557 0.041597222222222195 0.04555555555555557
6 0.3571006944444445 0.4727083333333334 0.025902777777777785 0.041736111111111106
6 0.33784722222222224 0.4610763888888889 0.00965277777777782 0.012916666666666642
6 0.41369791666666667 0.41946180555555557 0.09180555555555561 0.05715277777777779
6 0.4094444444444445 0.4703819444444445 0.08854166666666678 0.05076388888888879
6 0.7272743055555555 0.7434722222222222 0.5144791666666666 0.46305555555555566
6 0.45192708333333337 0.7010763888888889 0.029166666666666785 0.32909722222222226
6 0.8281770833333333 0.26404513888888886 0.34364583333333343 0.5280902777777777
6 0.56578125 0.35416666666666663 0.18083333333333335 0.12979166666666667
6 0.6019444444444444 0.2370486111111111 0.11180555555555571 0.11423611111111107
6 0.4096527777777778 0.6014930555555555 0.03142361111111107 0.14968749999999992
6 0.4358680555555556 0.5105729166666666 0.017881944444444464 0.032013888888888786
6 0.35800347222222223 0.5023263888888889 0.009930555555555554 0.025416666666666643
6 0.3767361111111111 0.5373958333333333 0.022361111111111144 0.022847222222222286
6 0.37710069444444444 0.5561111111111112 0.028680555555555553 0.02624999999999993