4 0.39859374999999997 0.4759606481481481 0.2104166666666667 0.12141203703703703
1 0.5655208333333334 0.43494212962962964 0.04239583333333332 0.028969907407407368
6 0.61 0.5147916666666668 0.0435416666666665 0.04615740740740755
6 0.5979687499999999 0.47348379629629633 0.027708333333333356 0.04210648148148159
6 0.6166666666666666 0.4848263888888889 0.010208333333333286 0.013055555555555643
6 0.5391145833333333 0.5275520833333334 0.09416666666666665 0.05849537037037038
6 0.545625 0.4765856481481482 0.090625 0.05206018518518522
6 0.2538020833333333 0.22178240740740743 0.5076041666666666 0.44356481481481486
6 0.5134895833333333 0.24659722222222222 0.04375 0.32942129629629635
6 0.15088541666666666 0.7112789351851851 0.3017708333333333 0.5774421296296296
6 0.3844270833333333 0.5950810185185185 0.18624999999999997 0.1324305555555556
6 0.343125 0.7126967592592592 0.1166666666666667 0.11585648148148149
6 0.5512499999999999 0.34552083333333333 0.03802083333333321 0.15010416666666676
6 0.5210416666666667 0.4367997685185186 0.019270833333333216 0.03226851851851862
6 0.5983854166666667 0.44388888888888883 0.011041666666666571 0.025555555555555644
6 0.58125 0.40910879629629626 0.023333333333333428 0.023171296296296263
6 0.58171875 0.3904050925925926 0.02979166666666657 0.026666666666666748