4 0.5719386574074073 0.503125 0.1634837962962962 0.0859375
2 0.3922222222222222 0.47578125 0.017511574074074065 0.0109375
3 0.38017361111111114 0.43828125 0.03488425925925931 0.0171875
1 0.3864583333333333 0.38671875 0.03837962962962962 0.0296875
6 0.8164293981481482 0.271875 0.3671412037037037 0.540625
6 0.5607118055555556 0.2296875 0.1761111111111111 0.459375
6 0.4403530092592593 0.228125 0.09476851851851861 0.45625
6 0.3846643518518519 0.16796875 0.04428240740740739 0.334375
6 0.4524247685185185 0.47734375 0.0917361111111111 0.0375
6 0.3783622685185185 0.45625 0.04090277777777782 0.009375
6 0.3519328703703704 0.434375 0.008414351851851798 0.0203125
6 0.39337384259259256 0.48828125 0.028402777777777822 0.009375
6 0.3849826388888889 0.46875 0.031620370370370396 0.0125
6 0.38624421296296296 0.353125 0.05101851851851853 0.034375