4 0.4765104166666667 0.49984375 0.1666666666666668 0.0871296296296297
2 0.65359375 0.4711747685185186 0.017916666666666713 0.01106481481481474
3 0.66203125 0.43359375 0.035520833333333356 0.017442129629629655
1 0.65078125 0.38208912037037035 0.03947916666666664 0.02996527777777782
6 0.20171875 0.27109375 0.40322916666666664 0.5421875
6 0.46140625 0.22833622685185184 0.19312500000000005 0.4566724537037037
6 0.5816145833333334 0.22617766203703704 0.11166666666666672 0.4523553240740741
6 0.6315104166666667 0.1653443287037037 0.05666666666666664 0.3306886574074074
6 0.5935416666666666 0.4731828703703703 0.09312500000000004 0.0381712962962963
6 0.6655729166666667 0.451545138888889 0.04125000000000014 0.00967592592592581
6 0.6898958333333333 0.4294791666666667 0.0091666666666665 0.020370370370370417
6 0.6536458333333333 0.48368055555555556 0.028749999999999963 0.009583333333333322
6 0.66015625 0.4640914351851852 0.03208333333333328 0.012731481481481488
6 0.6477604166666666 0.3485011574074074 0.052291666666666715 0.0347453703703704