4 0.4486689814814815 0.48604166666666665 0.15226851851851855 0.09868055555555558
0 0.6095023148148149 0.4965277777777778 0.04862268518518516 0.026076388888888857
2 0.5905439814814815 0.6305208333333333 0.03775462962962965 0.035208333333333286
4 0.6432465277777778 0.6863715277777778 0.02199074074074083 0.016111111111111142
6 0.639519675925926 0.6622395833333334 0.0384606481481482 0.13052083333333328
6 0.5851504629629629 0.6204861111111111 0.0734375 0.21253472222222208
6 0.5671180555555555 0.7349305555555555 0.03474537037037031 0.05076388888888896
6 0.22633680555555555 0.7635937500000001 0.41899305555555555 0.463923611111111
6 0.19252893518518518 0.27012152777777776 0.3586921296296296 0.5402430555555555
6 0.4499016203703704 0.21816840277777777 0.1688888888888888 0.43633680555555554
6 0.48223958333333333 0.6993229166666667 0.08997685185185186 0.3363194444444444
6 0.5493518518518519 0.4970833333333333 0.04337962962962969 0.5836805555555555
6 0.5984259259259259 0.4100694444444445 0.030648148148148202 0.13034722222222223