4 0.42248263888888893 0.50390625 0.15721064814814803 0.0953125
0 0.5842534722222222 0.48984375 0.04991898148148159 0.025
2 0.5742013888888888 0.35625 0.03953703703703706 0.034375
4 0.6307060185185185 0.29921875 0.022800925925925954 0.015625
6 0.6253645833333333 0.3234375 0.04518518518518526 0.1296875
6 0.5681307870370371 0.36640625 0.084375 0.2109375
6 0.5577025462962963 0.25234375 0.03733796296296301 0.05
6 0.21980613425925927 0.23125 0.43961226851851853 0.4546875
6 0.1723263888888889 0.7296875 0.3446527777777778 0.540625
6 0.4055902777777778 0.77578125 0.1917361111111111 0.440625
6 0.47032407407407406 0.28984375 0.10731481481481478 0.334375
6 0.5240509259259258 0.490625 0.07359953703703717 0.5828125
6 0.5673958333333333 0.5765625 0.03737268518518526 0.1296875