4 0.506712962962963 0.5327488425925926 0.08113425925925917 0.20717592592592596
6 0.5525347222222222 0.35367476851851853 0.09446759259259263 0.053298611111111074
6 0.7738686342592592 0.7656076388888889 0.4522627314814816 0.358275462962963
6 0.2417476851851852 0.8021527777777777 0.4601041666666667 0.389201388888889
6 0.510625 0.7968113425925927 0.08298611111111107 0.33217592592592593
6 0.7316030092592593 0.5664351851851851 0.3728472222222223 0.08490740740740747
6 0.6765162037037038 0.4895428240740741 0.25901620370370376 0.09461805555555554
6 0.6261747685185185 0.41631365740740744 0.15405092592592595 0.07043981481481473
6 0.48931712962962964 0.4140277777777778 0.12256944444444447 0.0531944444444445
6 0.3675925925925926 0.5360532407407408 0.19312500000000005 0.1786342592592593
6 0.16882523148148149 0.576851851851852 0.2029050925925926 0.10107638888888885
6 0.3981076388888889 0.43204861111111115 0.0569907407407408 0.05291666666666668
6 0.49799768518518517 0.3666666666666667 0.019074074074073976 0.022847222222222286
6 0.6184027777777777 0.36667824074074074 0.04099537037037031 0.02710648148148147