4 0.48602430555555554 0.5438252314814814 0.08263888888888893 0.20543981481481488
6 0.5383854166666666 0.36582754629629627 0.09482638888888886 0.05121527777777786
6 0.7508506944444445 0.7826909722222222 0.46836805555555544 0.34803240740740726
6 0.22150173611111112 0.8072569444444444 0.44300347222222225 0.3790972222222223
6 0.48015624999999995 0.8078877314814814 0.08541666666666678 0.3304398148148149
6 0.7092361111111111 0.582494212962963 0.37333333333333324 0.0766435185185184
6 0.6571006944444444 0.5044039351851852 0.25961805555555556 0.08888888888888893
6 0.6095659722222223 0.4300810185185185 0.15451388888888892 0.06703703703703709
6 0.4730555555555556 0.42475694444444445 0.12291666666666679 0.05048611111111114
6 0.3470486111111111 0.5440393518518519 0.19437500000000005 0.17439814814814802
6 0.14715277777777777 0.5804108796296296 0.2035763888888889 0.09659722222222236
6 0.38135416666666666 0.4407465277777778 0.057361111111111106 0.05166666666666657
6 0.4834722222222222 0.37760416666666663 0.01923611111111114 0.022430555555555554
6 0.6036458333333334 0.38028935185185186 0.041180555555555644 0.026203703703703684