0 0.44921875 0.38359375 0.0171875 0.02890625
0 0.5046875 0.38671875 0.015625 0.03984375
1 0.4765625 0.3890625 0.0125 0.03046875
6 0.446875 0.36015625 0.0484375 0.01484375
6 0.23203125 0.7765625 0.459375 0.4203125
4 0.4984375 0.56875 0.08203125 0.18359375
6 0.73125 0.8296875 0.53125 0.340625
6 0.61328125 0.57421875 0.15 0.18203125
6 0.76796875 0.61171875 0.1625 0.1
6 0.346875 0.515625 0.22265625 0.09296875
6 0.49921875 0.44453125 0.21328125 0.071875
6 0.365625 0.44375 0.05546875 0.04296875
6 0.48828125 0.39375 0.009375 0.0265625
6 0.46484375 0.39609375 0.01015625 0.03125