0 0.5280497685185186 0.38359375 0.01885416666666657 0.028125
0 0.4723958333333334 0.38671875 0.018032407407407545 0.040625
1 0.5003819444444444 0.3890625 0.014351851851851904 0.03125
6 0.5317824074074073 0.36015625 0.04936342592592595 0.015625
6 0.7219502314814814 0.7765625 0.48428240740740736 0.4203125
4 0.4678587962962963 0.56875 0.09217592592592591 0.184375
6 0.24765046296296295 0.8296875 0.4953009259259259 0.340625
6 0.35269097222222223 0.57421875 0.16074074074074077 0.18125
6 0.19578125000000002 0.61171875 0.16842592592592592 0.1
6 0.6225694444444445 0.515625 0.22743055555555552 0.09375
6 0.4744386574074074 0.44453125 0.21675925925925926 0.071875
6 0.6080787037037038 0.44375 0.05884259259259252 0.04375
6 0.4883854166666667 0.39375 0.010949074074074083 0.0265625
6 0.5116840277777778 0.39609375 0.011226851851851904 0.03125