0 0.3569733796296296 0.42648726851851854 0.02914351851851853 0.01885416666666657
0 0.3568113425925926 0.48177083333333337 0.04155092592592595 0.018032407407407545
1 0.36082175925925924 0.4535069444444444 0.0319907407407408 0.014351851851851904
6 0.3336747685185185 0.4255324074074074 0.018495370370370346 0.04936342592592595
6 0.7628125000000001 0.2140769675925926 0.44753472222222224 0.4281539351851852
4 0.539212962962963 0.4647337962962963 0.18918981481481473 0.09217592592592591
6 0.7863541666666667 0.6820833333333333 0.3721064814814817 0.5514351851851853
6 0.5378761574074075 0.5792534722222222 0.19013888888888886 0.16074074074074077
6 0.5662094907407408 0.73171875 0.10962962962962966 0.16842592592592603
6 0.49506944444444445 0.3163194444444445 0.10689814814814813 0.22743055555555552
6 0.41494791666666664 0.4728761574074074 0.08446759259259266 0.21675925925925926
6 0.4220833333333333 0.3393287037037037 0.047083333333333324 0.05884259259259261
6 0.3648148148148148 0.4649479166666667 0.027118055555555555 0.010949074074074083
6 0.36854745370370373 0.4413715277777778 0.03180555555555555 0.011226851851851904