4 0.50390625 0.559375 0.0640625 0.17890625
0 0.4625 0.38671875 0.01796875 0.0203125
0 0.5125 0.38515625 0.0203125 0.021875
1 0.48984375 0.38984375 0.0125 0.021875
6 0.428125 0.69453125 0.0765625 0.58984375
6 0.56484375 0.68515625 0.07109375 0.5625
6 0.80234375 0.81640625 0.39296875 0.3296875
6 0.5 0.8171875 0.05859375 0.32109375
6 0.6515625 0.5546875 0.09609375 0.18671875
6 0.72109375 0.5734375 0.03984375 0.1640625
6 0.784375 0.5859375 0.08671875 0.1203125
6 0.88671875 0.61328125 0.1140625 0.065625
6 0.19375 0.790625 0.3875 0.40625
6 0.29296875 0.53359375 0.19375 0.121875
6 0.15 0.55859375 0.1 0.046875
6 0.184375 0.51796875 0.0203125 0.0203125
6 0.3609375 0.453125 0.0609375 0.0296875
6 0.4984375 0.434375 0.06171875 0.065625