4 0.5080497685185186 0.5631076388888889 0.06538194444444442 0.17859953703703688
0 0.4653645833333334 0.39014467592592594 0.018900462962962904 0.02045138888888891
0 0.5153530092592593 0.3889525462962963 0.020474537037037166 0.022025462962962993
1 0.4927314814814815 0.3934722222222222 0.012662037037036989 0.021967592592592577
6 0.4332696759259259 0.6977025462962964 0.08093749999999993 0.5911921296296295
6 0.5699189814814816 0.6893402777777778 0.07604166666666679 0.5630324074074075
6 0.8051475694444445 0.8223495370370371 0.389704861111111 0.3326041666666665
6 0.5060532407407408 0.8208912037037036 0.06175925925925938 0.32231481481481483
6 0.6556712962962963 0.5595138888888889 0.09826388888888893 0.18821759259259263
6 0.7253414351851852 0.5787789351851852 0.04184027777777786 0.16436342592592598
6 0.7887152777777777 0.5917476851851852 0.08839120370370371 0.12096064814814814
6 0.891261574074074 0.619849537037037 0.11454861111111114 0.06646990740740737
6 0.19960648148148147 0.7920601851851852 0.3905092592592593 0.40912037037037036
6 0.29692129629629627 0.5357638888888889 0.19465277777777779 0.12331018518518526
6 0.1541377314814815 0.5597048611111111 0.10034722222222223 0.0476157407407408
6 0.18821180555555556 0.5193344907407408 0.020462962962962995 0.020462962962962905
6 0.3642939814814815 0.4557986111111111 0.0611574074074074 0.030138888888888892
6 0.5016550925925926 0.4380671296296296 0.06298611111111115 0.06608796296296297