4 0.5333854166666667 0.5630497685185185 0.07593750000000003 0.17859953703703707
0 0.56328125 0.3907002314814815 0.02010416666666668 0.02045138888888891
0 0.5131770833333332 0.38876736111111115 0.021770833333333427 0.022025462962962906
1 0.5361458333333333 0.3936226851851852 0.013958333333333428 0.021967592592592667
6 0.6181770833333333 0.6987673611111112 0.11593750000000007 0.5911921296296295
6 0.48083333333333333 0.6883796296296296 0.109375 0.5630324074074075
6 0.2520833333333333 0.8178703703703704 0.41572916666666665 0.3326041666666665
6 0.5544791666666666 0.8208912037037036 0.08083333333333335 0.32231481481481483
6 0.3854166666666667 0.5572685185185186 0.109375 0.18821759259259263
6 0.31713541666666667 0.5755034722222222 0.0515625 0.16436342592592582
6 0.2546875 0.5875347222222222 0.09552083333333332 0.12096064814814814
6 0.15416666666666665 0.6141203703703704 0.11843750000000001 0.06646990740740755
6 0.8258333333333333 0.7960185185185186 0.34833333333333344 0.4079629629629629
6 0.7426041666666666 0.5388310185185186 0.20187500000000008 0.12331018518518526
6 0.8872395833333334 0.5648900462962964 0.103125 0.04761574074074062
6 0.8501562499999998 0.5240104166666667 0.021666666666666855 0.020462962962962905
6 0.6692708333333333 0.45785879629629633 0.06291666666666665 0.030138888888888892
6 0.5305208333333333 0.4380902777777778 0.06687499999999993 0.06608796296296297