4 0.5699189814814816 0.51328125 0.14493055555555542 0.0828819444444445
6 0.4414930555555555 0.38468749999999996 0.05134259259259259 0.0917361111111111
6 0.3995891203703704 0.35017361111111106 0.01762731481481481 0.030069444444444392
6 0.7287268518518518 0.37310763888888887 0.53 0.13829861111111103
6 0.777806712962963 0.24772569444444445 0.44438657407407406 0.13493055555555555
6 0.8895081018518518 0.10255208333333335 0.21026620370370352 0.17024305555555555
6 0.8632638888888888 0.7177690972222223 0.27347222222222245 0.5644618055555555
6 0.680474537037037 0.48996527777777776 0.09541666666666657 0.1145833333333334
6 0.5674537037037037 0.45230902777777776 0.13185185185185197 0.04354166666666668
6 0.4619502314814815 0.44762152777777775 0.07555555555555564 0.03916666666666657
6 0.6883796296296296 0.7072569444444444 0.09222222222222225 0.3206944444444444
6 0.5754108796296296 0.6203993055555556 0.12391203703703706 0.14020833333333335
6 0.4849363425925926 0.5231076388888889 0.02979166666666657 0.11312499999999996
6 0.45875000000000005 0.4951909722222222 0.032175925925925955 0.06319444444444447
6 0.6081886574074075 0.72421875 0.057361111111111106 0.07624999999999993
6 0.7060706018518518 0.8997743055555556 0.050856481481481454 0.05892361111111129
6 0.6222569444444443 0.7776388888888889 0.028587962962962975 0.03187500000000014