4 0.52578125 0.5439525462962963 0.08607638888888883 0.14670138888888892
6 0.394375 0.4220486111111111 0.09284722222222222 0.05335648148148149
6 0.3589409722222222 0.38188657407407406 0.030451388888888875 0.018287037037037025
6 0.3891840277777778 0.7102141203703705 0.15003472222222225 0.5328125
6 0.2649826388888889 0.7680266203703703 0.1448611111111111 0.45150462962962956
6 0.12229166666666666 0.8852141203703704 0.17486111111111113 0.21394675925925916
6 0.7257725694444443 0.833130787037037 0.5484548611111112 0.29953703703703705
6 0.5049305555555555 0.6558449074074074 0.11666666666666678 0.09791666666666679
6 0.4647743055555555 0.5446469907407407 0.04645833333333336 0.13275462962962958
6 0.4577430555555556 0.43926504629629626 0.04083333333333332 0.07638888888888892
6 0.7223263888888889 0.6524884259259259 0.3226388888888888 0.09930555555555554
6 0.632986111111111 0.543894675925926 0.14291666666666672 0.12696759259259274
6 0.5337152777777778 0.4583622685185185 0.11374999999999993 0.03229166666666661
6 0.5052256944444444 0.43359375 0.06388888888888893 0.03356481481481488
6 0.7375 0.5713252314814815 0.07750000000000004 0.05902777777777786
6 0.9151736111111111 0.6602141203703704 0.06003472222222221 0.05214120370370381
6 0.7912152777777778 0.5826388888888889 0.032500000000000105 0.029282407407407264