4 0.5831597222222221 0.5124652777777777 0.15458333333333343 0.10645833333333332
6 0.5856770833333333 0.4110590277777778 0.8280555555555555 0.08708333333333336
6 0.7488541666666666 0.20161458333333332 0.4970833333333335 0.3669444444444444
6 0.4264409722222222 0.34039930555555553 0.1936805555555555 0.07298611111111111
6 0.44815972222222217 0.21444444444444444 0.12055555555555557 0.18375000000000002
6 0.33263888888888893 0.4600694444444445 0.24861111111111106 0.04454861111111121
6 0.8077517361111111 0.7776649305555555 0.38449652777777776 0.444670138888889
6 0.839201388888889 0.5026215277777778 0.321597222222222 0.11968749999999986
6 0.37942708333333336 0.5118402777777777 0.15277777777777776 0.06583333333333333
6 0.6033680555555556 0.7564236111111111 0.04166666666666678 0.37555555555555564
6 0.42293402777777783 0.5775868055555555 0.17763888888888885 0.06326388888888879
6 0.5523263888888889 0.731875 0.08659722222222221 0.33284722222222224
6 0.4835416666666667 0.6593229166666668 0.07291666666666678 0.09527777777777793
6 0.43296875 0.6277604166666666 0.041145833333333215 0.04774305555555554
6 0.4966840277777777 0.726736111111111 0.04079861111111107 0.03993055555555571
6 0.2780555555555556 0.35583333333333333 0.0980555555555556 0.028715277777777715
6 0.30727430555555557 0.32838541666666665 0.06645833333333329 0.02020833333333334
6 0.29031250000000003 0.49112847222222217 0.029166666666666608 0.024062500000000143