4 0.5387152777777778 0.5 0.15458333333333343 0.103125
6 0.541232638888889 0.6015625 0.8280555555555555 0.06875
6 0.7044097222222222 0.81484375 0.4970833333333335 0.35625
6 0.3819965277777778 0.66875 0.19368055555555558 0.06875
6 0.4037152777777778 0.7953125 0.12055555555555557 0.18125
6 0.2881944444444445 0.546875 0.24861111111111106 0.0390625
6 0.7749826388888889 0.22890625 0.40784722222222225 0.4578125
6 0.7981770833333333 0.515625 0.3284374999999999 0.1125
6 0.3349826388888889 0.49609375 0.15277777777777776 0.0625
6 0.5589236111111111 0.25625 0.04166666666666661 0.375
6 0.3784895833333334 0.43125 0.17763888888888885 0.059375
6 0.5078819444444445 0.2796875 0.08659722222222221 0.33125
6 0.43909722222222225 0.35078125 0.07291666666666678 0.09375
6 0.3885243055555555 0.38125 0.041145833333333305 0.046875
6 0.45223958333333336 0.28359375 0.04079861111111107 0.0390625
6 0.23361111111111113 0.65 0.0980555555555556 0.0265625
6 0.2628298611111111 0.678125 0.06645833333333329 0.01875
6 0.24586805555555555 0.51484375 0.029166666666666695 0.0234375