4 0.490324074074074 0.5313368055555555 0.10929398148148159 0.20798611111111107
1 0.39360532407407406 0.30659722222222224 0.028379629629629654 0.03645833333333339
1 0.07233506944444444 0.5210648148148149 0.14467013888888888 0.25775462962962975
6 0.43927083333333333 0.3609953703703704 0.0636805555555556 0.16400462962962967
6 0.7707118055555555 0.7323206018518519 0.4499884259259259 0.4534143518518519
6 0.2740914351851852 0.8129340277777779 0.5481828703703704 0.3734375
6 0.7475694444444445 0.4833912037037037 0.40048611111111115 0.09525462962962958
6 0.6660474537037037 0.42071759259259256 0.23791666666666664 0.07384259259259274
6 0.4961979166666667 0.37083333333333335 0.05392361111111103 0.11174768518518521
6 0.5859375 0.37824074074074077 0.13776620370370374 0.04612268518518512
6 0.5424421296296297 0.3471064814814815 0.03925925925925924 0.029456018518518513
6 0.5325925925925926 0.41186342592592595 0.02359953703703699 0.023611111111111072
6 0.28717592592592595 0.549508101851852 0.29210648148148144 0.22152777777777785
6 0.2750810185185185 0.3903356481481481 0.2601851851851852 0.128587962962963
6 0.33185185185185184 0.3158564814814815 0.08614583333333332 0.034490740740740745