4 0.5496527777777778 0.4692881944444444 0.20399305555555552 0.11670138888888885
1 0.3212673611111111 0.38116319444444446 0.035416666666666693 0.02965277777777775
1 0.5238136574074075 0.06486979166666666 0.2523148148148149 0.12973958333333332
6 0.3773726851851852 0.4246875 0.1616898148148148 0.06958333333333329
6 0.761082175925926 0.7414583333333333 0.436863425925926 0.4655555555555555
6 0.8232638888888889 0.2617361111111111 0.353125 0.5234722222222222
6 0.5112268518518519 0.7276041666666667 0.08043981481481488 0.4029166666666667
6 0.44551504629629635 0.6486284722222222 0.06504629629629619 0.24000000000000005
6 0.3893229166666667 0.48109375 0.10978009259259255 0.057916666666666575
6 0.40005787037037044 0.5703125 0.041030092592592736 0.13909722222222226
6 0.3673032407407407 0.5280902777777777 0.028009259259259255 0.04024305555555543
6 0.43171296296296297 0.5158680555555556 0.022743055555555537 0.024409722222222284
6 0.560300925925926 0.26602430555555556 0.21076388888888892 0.29951388888888897
6 0.40063657407407405 0.25986111111111115 0.1189814814814815 0.26423611111111106
6 0.3282407407407407 0.3192361111111111 0.031307870370370416 0.08718750000000001