4 0.509982638888889 0.5620601851851852 0.08222222222222228 0.18553240740740745
0 0.5385243055555555 0.3703587962962963 0.012916666666666642 0.018935185185185156
0 0.5682291666666666 0.3715798611111111 0.016250000000000143 0.02835648148148149
6 0.2440277777777778 0.7541493055555556 0.46513888888888894 0.47704861111111113
6 0.6149479166666667 0.8221238425925925 0.28725694444444444 0.34476851851851864
6 0.6177083333333334 0.5597511574074074 0.13354166666666673 0.17535879629629642
6 0.5771875 0.42325810185185186 0.05826388888888889 0.09145833333333328
6 0.2803298611111111 0.48993055555555554 0.374375 0.04771990740740737
6 0.3682986111111111 0.44203125 0.20079861111111103 0.03890046296296283
6 0.5063368055555555 0.4331423611111111 0.08562499999999992 0.057499999999999926
6 0.5131249999999999 0.38716435185185183 0.056597222222222146 0.016458333333333373
6 0.44715277777777784 0.4057118055555556 0.028750000000000143 0.028541666666666642
6 0.47034722222222225 0.39512152777777776 0.01923611111111114 0.022152777777777733