4 0.4825231481481482 0.4891493055555555 0.19016203703703702 0.08358796296296304
0 0.6722800925925926 0.45064236111111117 0.01967592592592595 0.013055555555555643
0 0.6692997685185185 0.42097800925925927 0.02928240740740744 0.016458333333333287
6 0.30645254629629626 0.7652719907407407 0.5039930555555555 0.46862268518518524
6 0.2165798611111111 0.3975925925925926 0.36134259259259255 0.2897800925925925
6 0.47844328703703703 0.38122106481481477 0.1830439814814815 0.1348263888888889
6 0.6171585648148149 0.414693287037037 0.09479166666666679 0.05893518518518519
6 0.5681712962962963 0.7152372685185184 0.06984953703703703 0.37468749999999995
6 0.6107928240740741 0.6247164351851853 0.05075231481481488 0.20106481481481495
6 0.6114872685185185 0.48611111111111105 0.0625 0.08604166666666657
6 0.6570023148148149 0.4769328703703704 0.019791666666666784 0.05671296296296298
6 0.6423900462962964 0.5439178240740741 0.030208333333333216 0.028958333333333287
6 0.6515914351851853 0.52015625 0.023263888888888928 0.01939814814814831