4 0.5420196759259259 0.5007002314814815 0.17265046296296305 0.1059606481481481
6 0.7956192129629629 0.7738368055555556 0.393888888888889 0.44351851851851853
6 0.808443287037037 0.39559606481481485 0.36008101851851854 0.3089004629629629
6 0.850625 0.18355324074074075 0.2899537037037039 0.12245370370370372
6 0.8950057870370369 0.06070601851851852 0.18843749999999987 0.12141203703703704
6 0.5468344907407408 0.41237847222222224 0.17391203703703706 0.06534722222222218
6 0.5721469907407407 0.34890625000000003 0.128587962962963 0.06344907407407412
6 0.6021469907407407 0.2853993055555556 0.05666666666666664 0.05666666666666664
6 0.5613541666666666 0.6849421296296296 0.08945601851851848 0.26471064814814815
6 0.4888541666666667 0.601099537037037 0.07413194444444446 0.09429398148148138
6 0.49798032407407405 0.6729108796296297 0.050428240740740725 0.05818287037037031
6 0.43737268518518524 0.5069444444444444 0.036967592592592524 0.13932870370370373
6 0.5695659722222223 0.8442650462962963 0.05668981481481481 0.059791666666666646