4 0.47936342592592596 0.516267361111111 0.10978009259259255 0.17652777777777776
6 0.21150462962962963 0.7800520833333333 0.42300925925925925 0.4102083333333333
6 0.5745717592592593 0.7788715277777778 0.3168518518518518 0.3714236111111113
6 0.784994212962963 0.8132118055555555 0.12887731481481488 0.2944097222222222
6 0.9094328703703702 0.8529340277777777 0.13211805555555572 0.19312499999999985
6 0.5674826388888888 0.5178125 0.0692013888888889 0.17628472222222236
6 0.63 0.54078125 0.0662962962962963 0.13090277777777787
6 0.6923784722222223 0.5684375 0.057916666666666575 0.05875000000000004
6 0.2944560185185185 0.5424305555555555 0.2666550925925926 0.09923611111111122
6 0.3809606481481482 0.4668055555555556 0.09592592592592589 0.07760416666666678
6 0.3088310185185185 0.47859374999999993 0.05929398148148142 0.052569444444444356
6 0.4769965277777778 0.41182291666666665 0.14012731481481477 0.0421180555555555
6 0.1348726851851852 0.5565451388888889 0.06104166666666666 0.05888888888888886