4 0.5179050925925927 0.5024652777777778 0.1740162037037038 0.10281249999999993
6 0.3813078703703704 0.4991087962962963 0.09057870370370376 0.06002314814814813
6 0.7842824074074074 0.6219155092592593 0.3847685185185187 0.7561689814814814
6 0.8486689814814815 0.1977662037037037 0.24424768518518505 0.10177083333333332
6 0.6945023148148148 0.23179398148148148 0.07694444444444457 0.03805555555555555
6 0.5834259259259259 0.36930555555555555 0.08021990740740748 0.16146990740740746
6 0.5150636574074074 0.39146412037037037 0.056157407407407336 0.1191203703703704
6 0.4685763888888889 0.4137847222222222 0.034976851851851974 0.0721064814814815
6 0.4204050925925927 0.43843750000000004 0.021747685185185262 0.057951388888889
6 0.3904861111111111 0.4577546296296296 0.03822916666666672 0.014340277777777643
6 0.5183680555555557 0.6744097222222222 0.197013888888889 0.24511574074074077
6 0.5558391203703703 0.8989236111111112 0.10913194444444443 0.2021527777777777
6 0.40832754629629625 0.6110706018518519 0.06739583333333332 0.15512731481481482
6 0.36613425925925924 0.5505787037037038 0.030069444444444392 0.03770833333333332
6 0.4412847222222222 0.42765046296296294 0.02907407407407412 0.04863425925925924
6 0.9002025462962961 0.10826967592592593 0.1450000000000003 0.0854166666666667