4 0.45996527777777774 0.5150810185185184 0.16950231481481487 0.10656250000000007
6 0.5967013888888889 0.5214756944444444 0.0879398148148148 0.061967592592592526
6 0.18641203703703704 0.3859085648148148 0.35094907407407405 0.7711689814814815
6 0.14739583333333334 0.8127835648148147 0.23980324074074075 0.10708333333333328
6 0.2994791666666667 0.7821412037037037 0.07527777777777782 0.039722222222222214
6 0.40236111111111106 0.6469386574074074 0.07306712962962969 0.16306712962962955
6 0.469380787037037 0.626273148148148 0.05087962962962962 0.12023148148148159
6 0.514525462962963 0.6049594907407407 0.031782407407407474 0.07280092592592595
6 0.5612152777777778 0.5813483796296296 0.019178240740740905 0.058368055555555645
6 0.5899768518518519 0.562673611111111 0.03760416666666657 0.015173611111111106
6 0.4493171296296296 0.34292824074074074 0.18618055555555557 0.24921296296296297
6 0.3984201388888889 0.11490740740740742 0.09996527777777775 0.20916666666666667
6 0.5630613425925926 0.4087847222222222 0.06052083333333336 0.15644675925925924
6 0.6088194444444445 0.47028356481481487 0.028402777777777822 0.03833333333333329
6 0.5409837962962962 0.5916840277777778 0.026921296296296405 0.049224537037036956
6 0.10118634259259258 0.9012384259259261 0.14125000000000001 0.08854166666666644