4 0.47333333333333333 0.5090798611111111 0.19545138888888883 0.11201388888888886
6 0.6320949074074074 0.6865972222222222 0.0436805555555555 0.052465277777777784
6 0.2919907407407407 0.6088194444444445 0.511712962962963 0.10343750000000007
6 0.1891840277777778 0.28274305555555557 0.3783680555555556 0.5654861111111111
6 0.4583043981481481 0.40029513888888885 0.18442129629629633 0.11020833333333328
6 0.41041087962962963 0.2767361111111111 0.10539351851851855 0.1459027777777778
6 0.3885532407407407 0.10538194444444444 0.10835648148148147 0.19590277777777776
6 0.4845833333333333 0.2776041666666667 0.06476851851851854 0.14499999999999993
6 0.46252314814814816 0.16866319444444447 0.04819444444444443 0.07597222222222219
6 0.23090277777777776 0.6839236111111111 0.3741087962962963 0.07229166666666664
6 0.13018518518518518 0.8275868055555555 0.15092592592592596 0.2296180555555555
6 0.25777199074074075 0.7555208333333333 0.126875 0.08708333333333336
6 0.34457175925925926 0.7324826388888889 0.05166666666666666 0.02923611111111111
6 0.23417824074074076 0.8181944444444446 0.06178240740740737 0.04194444444444443
6 0.5837210648148148 0.6207638888888889 0.06520833333333335 0.09975694444444443
6 0.5930960648148148 0.5156423611111112 0.053171296296296335 0.1072916666666666
6 0.6220023148148148 0.6216145833333334 0.03256944444444443 0.07562500000000014
6 0.5691608796296296 0.4277256944444444 0.047546296296296295 0.06503472222222229