4 0.5858333333333333 0.5280613425925926 0.19545138888888883 0.11761574074074073
6 0.44771990740740736 0.6945833333333333 0.0436805555555555 0.05366898148148138
6 0.7618171296296297 0.6416898148148148 0.4763657407407408 0.11843749999999993
6 0.82734375 0.32180555555555557 0.3453125 0.5757175925925926
6 0.5879918981481481 0.4199131944444444 0.18442129629629633 0.115486111111111
6 0.6213483796296296 0.2993634259259259 0.10539351851851855 0.14877314814814815
6 0.6229282407407407 0.12887731481481485 0.10835648148148139 0.19877314814814814
6 0.5470833333333334 0.29473379629629626 0.06476851851851854 0.14666666666666667
6 0.5562731481481482 0.1869502314814815 0.04819444444444443 0.07726851851851854
6 0.8312991898148148 0.7216550925925926 0.33740162037037036 0.08326388888888889
6 0.9461111111111112 0.8734201388888889 0.10777777777777757 0.23369212962962962
6 0.8312094907407406 0.7915740740740741 0.1268749999999997 0.0906944444444445
6 0.7414467592592592 0.7619965277777778 0.05166666666666657 0.030717592592592526
6 0.8623032407407407 0.8562731481481481 0.06178240740740719 0.04370370370370367
6 0.4884085648148148 0.6320486111111111 0.06520833333333335 0.10151620370370366
6 0.46653356481481484 0.5257696759259259 0.053171296296296335 0.10868055555555553
6 0.4501273148148148 0.6300636574074074 0.03256944444444443 0.07645833333333343
6 0.4800983796296296 0.4392418981481482 0.047546296296296295 0.06633101851851855