4 0.47432291666666665 0.5025405092592592 0.2281944444444445 0.1235185185185184
6 0.6706076388888889 0.5227372685185185 0.036967592592592524 0.050254629629629656
6 0.19233217592592594 0.5 0.3846643518518519 1
6 0.43638310185185186 0.22267939814814816 0.2087037037037037 0.44043981481481487
6 0.5709895833333333 0.34862847222222226 0.08472222222222214 0.18805555555555556
6 0.6281307870370371 0.47166087962962966 0.09418981481481481 0.0694212962962963
6 0.6208275462962962 0.556730324074074 0.07377314814814824 0.09738425925925931
6 0.47938078703703707 0.660329861111111 0.21877314814814816 0.18280092592592592
6 0.4142939814814815 0.8660185185185185 0.09940972222222229 0.2303356481481483
6 0.5032407407407408 0.8042013888888888 0.07722222222222222 0.10365740740740748
6 0.6054282407407408 0.6362731481481482 0.04526620370370367 0.059687500000000074
6 0.5536226851851852 0.20949074074074076 0.055185185185185046 0.1003703703703704
6 0.6266145833333333 0.41229745370370374 0.024953703703703665 0.059537037037036986