4 0.4817187499999999 0.4693229166666667 0.23000000000000007 0.13666666666666671
6 0.6782812500000001 0.47505208333333326 0.037708333333333496 0.052291666666666715
6 0.19973958333333333 0.5 0.39947916666666666 1
6 0.43963541666666667 0.20846354166666664 0.21520833333333336 0.4169270833333333
6 0.57609375 0.30765625 0.0875 0.19249999999999998
6 0.6350520833333333 0.42692708333333335 0.09520833333333342 0.07479166666666667
6 0.6290104166666667 0.5128645833333334 0.07520833333333332 0.10145833333333343
6 0.4891145833333333 0.62734375 0.22145833333333337 0.19520833333333326
6 0.42708333333333337 0.8386458333333333 0.10281249999999993 0.23552083333333335
6 0.5151041666666666 0.77 0.07875000000000014 0.10791666666666674
6 0.6147916666666667 0.5938541666666668 0.04614583333333329 0.06218749999999993
6 0.5566666666666666 0.16927083333333334 0.05666666666666664 0.10333333333333332
6 0.6326562499999999 0.36744791666666665 0.025833333333333285 0.060833333333333336