4 0.538425925925926 0.5730729166666666 0.1109375 0.17531250000000007
1 0.6490451388888889 0.37677083333333333 0.018576388888888927 0.019895833333333356
1 0.7527199074074075 0.4015625 0.02037037037037024 0.02312499999999993
3 0.8162037037037038 0.4190104166666666 0.02037037037037024 0.02312499999999993
6 0.5309027777777777 0.8961979166666666 0.9381944444444444 0.20760416666666687
6 0.5843460648148148 0.7802083333333333 0.8313078703703705 0.15416666666666662
6 0.6169849537037038 0.6966145833333334 0.7660300925925926 0.11354166666666679
6 0.7269386574074075 0.5887499999999999 0.28136574074074083 0.18822916666666673
6 0.9297743055555555 0.6372395833333334 0.14045138888888892 0.10572916666666679
6 0.434230324074074 0.5832291666666667 0.12355324074074084 0.13572916666666668
6 0.3440972222222222 0.5943229166666667 0.07158564814814809 0.10583333333333336
6 0.45109953703703703 0.4856249999999999 0.06354166666666679 0.06020833333333329
6 0.5297164351851852 0.445 0.11267361111111107 0.07281250000000003
6 0.6380497685185185 0.4802083333333333 0.11082175925925916 0.047812500000000036
6 0.5962384259259259 0.36703125 0.06684027777777786 0.041770833333333354
6 0.7025752314814815 0.38578125 0.08269675925925916 0.045937500000000055
6 0.7863715277777776 0.40458333333333335 0.0393518518518519 0.027500000000000035
6 0.8236400462962962 0.38296874999999997 0.04149305555555571 0.035416666666666693
6 0.8463252314814815 0.4163541666666667 0.030208333333333216 0.030000000000000072