4 0.518431712962963 0.5435358796296297 0.1046875 0.1694791666666667
1 0.6366319444444445 0.33978009259259256 0.017881944444444464 0.018877314814814826
1 0.7396412037037037 0.3585069444444445 0.019560185185185118 0.022013888888888822
3 0.8026331018518519 0.3722511574074074 0.019560185185185118 0.02201388888888891
6 0.5162326388888889 0.8849652777777777 0.9675347222222221 0.1855092592592591
6 0.5714699074074074 0.7471064814814815 0.8570601851851851 0.1018518518518519
6 0.6053674768518519 0.6614293981481482 0.7892650462962962 0.06539351851851852
6 0.7068287037037038 0.5480555555555555 0.27505787037037044 0.17230324074074072
6 0.9199652777777778 0.5833043981481482 0.1600694444444443 0.09508101851851851
6 0.413599537037037 0.5599421296296296 0.11880787037037041 0.12896990740740738
6 0.3228298611111111 0.5764525462962963 0.06782407407407405 0.10203703703703706
6 0.4341435185185185 0.4609027777777778 0.06145833333333339 0.05668981481481481
6 0.5144675925925926 0.41541666666666666 0.11024305555555572 0.06642361111111103
6 0.6217592592592592 0.44432870370370364 0.10931712962962958 0.041423611111111217
6 0.584056712962963 0.3331423611111111 0.06545138888888893 0.03797453703703706
6 0.6899594907407407 0.34564236111111113 0.08119212962962959 0.0412152777777778
6 0.773263888888889 0.3595370370370371 0.038425925925925954 0.025277777777777823
6 0.8114293981481481 0.3356076388888889 0.04027777777777786 0.0331018518518519
6 0.8329282407407408 0.36778935185185185 0.02916666666666643 0.02833333333333332