4 0.3109375 0.508431712962963 0.2890625 0.1710648148148149
6 0.59609375 0.5817245370370371 0.025 0.10386574074074062
6 0.228125 0.21379050925925927 0.45625 0.42758101851851854
6 0.19375 0.7890625 0.3875 0.421875
6 0.084375 0.49468750000000006 0.1609375 0.1688310185185184
6 0.5203125 0.5201041666666667 0.1234375 0.14115740740740748
6 0.49453125 0.3537152777777778 0.075 0.18659722222222222
6 0.4828125 0.21196180555555558 0.05 0.08273148148148142
6 0.48515625 0.60109375 0.1859375 0.014884259259259203
6 0.45078125 0.6617939814814815 0.109375 0.11261574074074084
6 0.42109375 0.7773206018518518 0.059375 0.13300925925925924
6 0.4765625 0.7391203703703704 0.05 0.045231481481481595
6 0.52734375 0.6265625 0.0359375 0.032314814814814775
6 0.409375 0.8699421296296297 0.034375 0.06351851851851861