4 0.2738425925925926 0.5215104166666666 0.301099537037037 0.18177083333333321
6 0.5638020833333334 0.47567708333333325 0.032638888888888926 0.10479166666666657
6 0.20642361111111113 0.79296875 0.41284722222222225 0.4140625
6 0.19375 0.22385416666666663 0.3875 0.44770833333333326
6 0.06665219907407408 0.5134375 0.13330439814814815 0.17479166666666668
6 0.48362268518518514 0.53 0.1336226851851851 0.14572916666666663
6 0.4455729166666666 0.6939062500000001 0.08865740740740727 0.18937500000000007
6 0.42337962962962966 0.8345312499999998 0.05601851851851851 0.08458333333333315
6 0.45454282407407404 0.44562500000000005 0.18663194444444448 0.021770833333333427
6 0.4247395833333333 0.38161458333333337 0.1174768518518519 0.11666666666666661
6 0.4036747685185185 0.2632291666666667 0.06909722222222214 0.13520833333333337
6 0.4561921296296296 0.3067708333333333 0.05324074074074083 0.047083333333333324
6 0.49852430555555555 0.42421875 0.03825231481481488 0.033645833333333285
6 0.3988425925925926 0.16947916666666668 0.039004629629629674 0.06479166666666662