4 0.6557002314814815 0.4928587962962963 0.3862268518518519 0.15711805555555552
6 0.41640625 0.49952546296296296 0.08634259259259255 0.0699537037037036
6 0.8220775462962961 0.7752372685185186 0.27042824074074046 0.42697916666666663
6 0.9177662037037038 0.28099537037037037 0.1644675925925924 0.5619907407407407
6 0.8100405092592593 0.20604745370370373 0.1515625 0.41209490740740745
6 0.6417534722222222 0.3229398148148148 0.21342592592592596 0.1842129629629629
6 0.7005497685185185 0.16130787037037037 0.11597222222222214 0.1328240740740741
6 0.5891493055555556 0.7802488425925926 0.2466435185185185 0.4219444444444445
6 0.46348379629629627 0.7384085648148148 0.0625 0.33805555555555566
6 0.42847222222222225 0.6421585648148148 0.030150462962962976 0.21739583333333332
6 0.4057002314814815 0.6019155092592593 0.034490740740740655 0.12849537037037032
6 0.43506944444444445 0.44774305555555555 0.060243055555555536 0.03366898148148145
6 0.495630787037037 0.39924189814814814 0.08339120370370381 0.051180555555555604
6 0.5147280092592592 0.33106481481481487 0.053009259259259346 0.08350694444444447