4 0.28443287037037035 0.5046527777777777 0.3087037037037037 0.15131944444444442
6 0.487332175925926 0.498275462962963 0.10960648148148149 0.11090277777777793
6 0.10401041666666666 0.78828125 0.20802083333333332 0.4234375
6 0.0859375 0.2888194444444444 0.171875 0.5774537037037037
6 0.2708622685185185 0.3246064814814815 0.26810185185185187 0.2037962962962963
6 0.2381597222222222 0.17711805555555554 0.17375 0.08687500000000004
6 0.45047453703703705 0.3945138888888889 0.10821759259259256 0.08746527777777775
6 0.3040682870370371 0.7904600694444445 0.24375 0.4190798611111111
6 0.46236111111111117 0.6425636574074074 0.07893518518518512 0.1728935185185186
6 0.44327546296296294 0.7799016203703704 0.057673611111111 0.10388888888888896
6 0.5114178240740741 0.5932465277777779 0.032754629629629585 0.07854166666666665
6 0.5326157407407408 0.5654108796296295 0.023726851851851905 0.03157407407407398
6 0.5411863425925926 0.5131481481481481 0.03789351851851848 0.05988425925925931