4 0.6711226851851853 0.45935185185185184 0.30435185185185193 0.1646527777777777
6 0.4685011574074075 0.4807175925925925 0.10636574074074083 0.115486111111111
6 0.8726331018518518 0.1892650462962963 0.25473379629629633 0.3785300925925926
6 0.8898263888888888 0.6585185185185185 0.1826620370370371 0.5848148148148148
6 0.6900173611111111 0.6376041666666666 0.26217592592592603 0.2151851851851852
6 0.7270717592592593 0.7820254629629629 0.17124999999999985 0.09437499999999996
6 0.5084143518518518 0.5812962962962963 0.1056712962962962 0.092048611111111
6 0.6429456018518518 0.19533275462962962 0.23125 0.39066550925925925
6 0.4891898148148148 0.33521412037037035 0.07384259259259256 0.17594907407407404
6 0.5042013888888889 0.19706597222222222 0.0546180555555555 0.10618055555555554
6 0.4416145833333333 0.38794560185185184 0.03043981481481488 0.07979166666666675
6 0.42125 0.4172280092592592 0.022800925925925954 0.03254629629629626
6 0.4142303240740741 0.46989583333333335 0.03613425925925924 0.06141203703703706