4 0.3327951388888889 0.496875 0.3828587962962963 0.1515625
6 0.5716956018518519 0.49375 0.08481481481481482 0.06875
6 0.13050925925925927 0.21171875 0.26101851851851854 0.4234375
6 0.09788194444444445 0.7125 0.15168981481481483 0.575
6 0.2150520833333333 0.7875 0.1421875 0.421875
6 0.3681886574074074 0.6671875 0.20939814814814817 0.18125
6 0.3296585648148148 0.828125 0.11305555555555555 0.13125
6 0.3632407407407407 0.21015625 0.237337962962963 0.41875
6 0.49441550925925926 0.25390625 0.05500000000000007 0.3375
6 0.5416261574074074 0.35078125 0.025324074074073978 0.2171875
6 0.5695138888888889 0.39140625 0.031643518518518474 0.128125
6 0.5595254629629629 0.5453125 0.059513888888889 0.0328125
6 0.5049652777777778 0.59296875 0.08228009259259253 0.05
6 0.49442708333333335 0.6609375 0.051168981481481524 0.0828125