4 0.5776562500000001 0.47670717592592593 0.15437499999999993 0.09456018518518512
2 0.46416666666666667 0.6304976851851851 0.06479166666666672 0.03668981481481488
6 0.5282291666666666 0.8160879629629629 0.19708333333333333 0.3377314814814813
6 0.43578124999999995 0.8978298611111111 0.041458333333333285 0.17766203703703703
6 0.4197916666666667 0.9634259259259259 0.01875 0.04745370370370381
6 0.8035416666666666 0.8058449074074074 0.3929166666666667 0.3466435185185183
6 0.8040104166666666 0.5758680555555555 0.3919791666666669 0.14027777777777786
6 0.5545312499999999 0.5879918981481481 0.12395833333333321 0.12928240740740726
6 0.47333333333333333 0.5800347222222222 0.050833333333333286 0.061111111111111074
6 0.4811458333333333 0.5327546296296296 0.02843750000000007 0.02910879629629619
6 0.8303645833333334 0.4271122685185185 0.33927083333333313 0.1830439814814815
6 0.8951302083333333 0.297193287037037 0.20973958333333337 0.09224537037037042
6 0.9479427083333334 0.21990740740740738 0.10411458333333315 0.07459490740740744
6 0.7503124999999999 0.32934027777777775 0.10093750000000004 0.041145833333333395
6 0.61671875 0.41652199074074076 0.08416666666666668 0.023379629629629584
6 0.6376041666666666 0.3891203703703704 0.06125000000000007 0.03032407407407405