4 0.5434606481481481 0.5631655092592592 0.10005787037037024 0.15173611111111107
2 0.3850983796296297 0.43420138888888893 0.039004629629629584 0.06377314814814809
6 0.2014178240740741 0.47881944444444446 0.344212962962963 0.1872685185185185
6 0.1160590277777778 0.378269675925926 0.1787615740740741 0.036226851851851906
6 0.04971064814814815 0.3555555555555555 0.04803240740740742 0.01736111111111107
6 0.2226851851851852 0.7764467592592592 0.36203703703703705 0.42789351851851853
6 0.4529513888888889 0.7921006944444444 0.15555555555555553 0.41579861111111105
6 0.4310474537037036 0.528616898148148 0.1335648148148149 0.12025462962962977
6 0.43602430555555555 0.44855324074074077 0.06284722222222214 0.04907407407407405
6 0.48370949074074077 0.4612268518518519 0.03009259259259256 0.027604166666666784
6 0.602806712962963 0.8264467592592591 0.19577546296296297 0.34710648148148165
6 0.735300925925926 0.8971788194444444 0.10011574074074084 0.20564236111111106
6 0.8148726851851851 0.9537760416666667 0.07887731481481489 0.09244791666666644
6 0.6975694444444445 0.7504050925925926 0.044791666666666785 0.09982638888888892
6 0.6052372685185186 0.6083043981481481 0.026446759259259166 0.08356481481481488
6 0.6334780092592592 0.6319444444444444 0.03252314814814809 0.060416666666666785