4 0.5859895833333333 0.5333275462962963 0.171875 0.10233796296296305
6 0.23885416666666667 0.4296875 0.2085416666666667 0.045069444444444426
6 0.8304947916666666 0.5175260416666667 0.3390104166666667 0.9649479166666666
6 0.5883854166666668 0.2539525462962963 0.18447916666666658 0.45489583333333333
6 0.6195833333333333 0.7877662037037038 0.21104166666666657 0.42446759259259254
6 0.4066666666666666 0.5061226851851852 0.14937500000000004 0.3253935185185185
6 0.48708333333333337 0.3343402777777778 0.06812499999999985 0.2744675925925926
6 0.24510416666666668 0.46504629629629635 0.18520833333333328 0.04541666666666657
6 0.30354166666666665 0.5241319444444444 0.07104166666666671 0.08465277777777783
6 0.24395833333333333 0.4945717592592593 0.05833333333333339 0.03416666666666668
6 0.45640625 0.6566261574074075 0.13374999999999987 0.1844444444444445
6 0.4794791666666667 0.792511574074074 0.08791666666666664 0.10421296296296294
6 0.4992708333333333 0.8675 0.06781250000000014 0.05957175925925924
6 0.32385416666666667 0.5835763888888889 0.04135416666666671 0.036400462962962975
6 0.25213541666666667 0.5238020833333333 0.05124999999999993 0.021342592592592524
6 0.26458333333333334 0.39520833333333333 0.13624999999999998 0.035092592592592634