4 0.45848958333333334 0.55234375 0.10479166666666676 0.165625
6 0.5671875 0.2109375 0.04812499999999993 0.20625
6 0.47757812499999996 0.8203125 0.9551562499999999 0.31875
6 0.7375520833333333 0.5734375 0.4571875 0.1546875
6 0.20869791666666665 0.56796875 0.4173958333333333 0.18125
6 0.4883333333333333 0.37421875 0.3272916666666667 0.128125
6 0.6587500000000001 0.46640625 0.27520833333333333 0.05
6 0.5317708333333334 0.21484375 0.04812499999999993 0.1828125
6 0.471875 0.26953125 0.08562499999999992 0.065625
6 0.5022916666666667 0.21171875 0.03500000000000014 0.05625
6 0.33723958333333337 0.4140625 0.18624999999999997 0.121875
6 0.20114583333333336 0.428125 0.10541666666666671 0.08125
6 0.12593749999999998 0.44296875 0.06052083333333336 0.0640625
6 0.41218750000000004 0.2859375 0.036979166666666605 0.0390625
6 0.47296875 0.21796875 0.022083333333333323 0.05
6 0.6012500000000001 0.2390625 0.03708333333333336 0.134375