4 0.48595486111111114 0.6394386574074075 0.17868055555555545 0.3087962962962962
1 0.4321527777777778 0.4229456018518518 0.032187500000000036 0.04265046296296297
1 0.4621006944444444 0.4116666666666666 0.017743055555555644 0.025254629629629655
1 0.48546875000000006 0.41513888888888884 0.016180555555555642 0.025231481481481487
6 0.4911458333333333 0.8984375 0.9822916666666666 0.203125
6 0.7796527777777778 0.6461342592592593 0.41965277777777776 0.3279861111111112
6 0.201328125 0.6179108796296295 0.40265625 0.3498379629629628
6 0.4291145833333333 0.3838252314814815 0.06760416666666665 0.019745370370370365
6 0.5190104166666667 0.4531481481481482 0.12590277777777778 0.042476851851851904
6 0.6478819444444445 0.4566203703703703 0.1322222222222223 0.04569444444444457
6 0.31472222222222224 0.43214699074074076 0.20062499999999997 0.03108796296296301
6 0.5432986111111111 0.4152141203703703 0.09437499999999996 0.02951388888888893
6 0.3629513888888889 0.4070717592592592 0.06447916666666664 0.01969907407407412