4 0.35315393518518523 0.5 0.31134259259259256 0.171875
1 0.567042824074074 0.55859375 0.04311342592592595 0.03125
1 0.5796412037037036 0.52890625 0.025509259259259308 0.0171875
1 0.5772106481481482 0.50546875 0.025462962962962975 0.015625
6 0.1015625 0.5 0.203125 1
6 0.3595138888888889 0.20625 0.33409722222222216 0.4125
6 0.3616608796296296 0.79296875 0.3559259259259259 0.4109375
6 0.6059895833333333 0.5625 0.020740740740740726 0.0671875
6 0.5407291666666667 0.47109375 0.044328703703703634 0.125
6 0.5429861111111111 0.3421875 0.047638888888888786 0.13125
6 0.5526331018518519 0.67578125 0.034050925925926026 0.2
6 0.5797048611111111 0.44765625 0.030902777777777855 0.09375
6 0.5798263888888888 0.628125 0.02064814814814824 0.0640625