4 0.5 0.63203125 0.17109375 0.30625
1 0.44140625 0.41640625 0.03125 0.0421875
1 0.47109375 0.4046875 0.0171875 0.02421875
1 0.49453125 0.4078125 0.01640625 0.025
6 0.5 0.8921875 1 0.19140625
6 0.79375 0.634375 0.41171875 0.32265625
6 0.20703125 0.61484375 0.4109375 0.34296875
6 0.4375 0.37734375 0.0671875 0.01953125
6 0.52890625 0.4453125 0.125 0.04140625
6 0.6578125 0.446875 0.13046875 0.04375
6 0.32421875 0.42734375 0.19921875 0.02890625
6 0.55234375 0.40703125 0.09296875 0.02890625
6 0.371875 0.4015625 0.0640625 0.01875