4 0.496875 0.54296875 0.1140625 0.17265625
1 0.478125 0.378125 0.0109375 0.01875
6 0.459375 0.38359375 0.0203125 0.02890625
6 0.49765625 0.415625 0.11640625 0.05546875
6 0.38359375 0.81171875 0.7578125 0.35859375
6 0.8234375 0.84921875 0.1234375 0.28671875
6 0.94375 0.91953125 0.1125 0.159375
6 0.35625 0.5453125 0.16796875 0.1671875
6 0.1953125 0.58203125 0.1453125 0.10078125
6 0.2375 0.50859375 0.06875 0.03359375
6 0.39765625 0.43125 0.08203125 0.0453125
6 0.590625 0.54375 0.0671875 0.16796875
6 0.578125 0.43515625 0.03984375 0.053125
6 0.665625 0.575 0.08046875 0.12421875