4 0.5243344907407408 0.5353009259259259 0.176099537037037 0.12424768518518511
1 0.3587962962962963 0.5442824074074074 0.01915509259259256 0.012048611111111107
6 0.36357060185185186 0.5633564814814814 0.028877314814814793 0.02197916666666657
6 0.3970196759259259 0.5269733796296296 0.060532407407407354 0.11895833333333332
6 0.7888888888888889 0.6374768518518519 0.3874421296296296 0.7250462962962964
6 0.8426793981481481 0.22688657407407406 0.29207175925925954 0.1404745370370371
6 0.9174479166666668 0.11074074074074074 0.16354166666666642 0.12194444444444445
6 0.5214699074074074 0.6760648148148147 0.1734375 0.1786574074074075
6 0.5522280092592593 0.8391782407407409 0.10538194444444446 0.15123842592592568
6 0.4803530092592593 0.7926388888888889 0.03692129629629637 0.07078703703703688
6 0.40894097222222225 0.6278993055555555 0.04832175925925917 0.0839351851851852
6 0.528587962962963 0.4415972222222222 0.17123842592592595 0.07718749999999996
6 0.41953125 0.44766203703703705 0.054629629629629584 0.043773148148148165
6 0.5626157407407406 0.3684490740740741 0.12800925925925916 0.08865740740740743