4 0.4643923611111111 0.48671875 0.17356481481481473 0.11788194444444447
1 0.6289583333333333 0.4643055555555556 0.018912037037037165 0.011354166666666643
6 0.6232118055555556 0.44567708333333333 0.028425925925925986 0.020937499999999963
6 0.5917476851851852 0.4846701388888889 0.057962962962962904 0.11687499999999992
6 0.1939641203703704 0.3811545138888889 0.37060185185185185 0.7623090277777778
6 0.1629803240740741 0.8200868055555557 0.28932870370370367 0.129826388888889
6 0.09445023148148149 0.9419618055555556 0.16104166666666667 0.116041666666667
6 0.4599652777777778 0.3461458333333333 0.16968750000000005 0.17246527777777781
6 0.4208622685185185 0.18602430555555557 0.10215277777777772 0.14753472222222222
6 0.49492476851851847 0.2265798611111111 0.035393518518518616 0.06951388888888888
6 0.5746412037037038 0.3850173611111111 0.046516203703703594 0.08225694444444445
6 0.465 0.5804861111111111 0.16974537037037046 0.07093749999999996
6 0.5734085648148148 0.5655729166666668 0.05372685185185198 0.04180555555555543
6 0.43486111111111114 0.6561805555555555 0.1262037037037036 0.08402777777777785