4 0.49765625 0.55703125 0.08046875 0.134375
0 0.4953125 0.36953125 0.01171875 0.01875
0 0.5140625 0.36953125 0.01171875 0.01875
0 0.5359375 0.3671875 0.00859375 0.01875
6 0.50234375 0.809375 0.9921875 0.38125
6 0.69375 0.5484375 0.3125 0.1671875
6 0.8953125 0.58046875 0.08203125 0.07890625
6 0.31171875 0.57578125 0.303125 0.09140625
6 0.36875 0.4953125 0.18671875 0.06015625
6 0.57109375 0.42421875 0.209375 0.0703125
6 0.42109375 0.440625 0.09375 0.0484375
6 0.45546875 0.40078125 0.0234375 0.02421875