4 0.5059085648148148 0.5238541666666666 0.08324074074074073 0.1397916666666667
0 0.5007870370370371 0.3365104166666667 0.012777777777777822 0.019583333333333286
0 0.519537037037037 0.33526041666666667 0.012777777777777822 0.019583333333333286
0 0.5413773148148148 0.3314583333333333 0.00965277777777782 0.019374999999999965
6 0.5077083333333333 0.7758854166666667 0.9845833333333334 0.4473958333333334
6 0.701875 0.5021875 0.31497685185185187 0.18802083333333322
6 0.9039120370370369 0.52078125 0.08240740740740762 0.08354166666666671
6 0.3202488425925926 0.555 0.3044675925925926 0.11083333333333342
6 0.37608796296296293 0.47072916666666664 0.18837962962962962 0.071875
6 0.5773784722222223 0.3861458333333333 0.21041666666666678 0.08427083333333343
6 0.42762152777777773 0.4125520833333334 0.09446759259259263 0.0546875
6 0.4614062499999999 0.37041666666666667 0.02380787037037031 0.0265625