4 0.5271006944444444 0.5235416666666667 0.08722222222222217 0.1397916666666667
0 0.5211111111111111 0.33588541666666666 0.013333333333333286 0.019583333333333376
0 0.5023611111111111 0.33713541666666663 0.013333333333333286 0.019583333333333286
0 0.4803819444444445 0.33625 0.010208333333333286 0.019374999999999965
6 0.51453125 0.7761979166666666 0.9709375 0.4473958333333332
6 0.330625 0.5280208333333334 0.3199305555555555 0.1880208333333334
6 0.1304861111111111 0.5734895833333333 0.08472222222222223 0.08354166666666671
6 0.7138715277777777 0.5298958333333333 0.3071527777777778 0.11083333333333342
6 0.6532638888888889 0.4532291666666667 0.19013888888888886 0.071875
6 0.44776041666666666 0.395625 0.2125 0.08427083333333334
6 0.5984895833333332 0.40203125 0.09590277777777771 0.0546875
6 0.5623437499999999 0.36447916666666663 0.024548611111111108 0.0265625