4 0.44392361111111106 0.5271180555555557 0.18821759259259263 0.10659722222222215
0 0.60328125 0.5377256944444444 0.042326388888889 0.020937499999999963
1 0.6048032407407408 0.4377662037037037 0.047060185185185156 0.027430555555555534
6 0.27175347222222224 0.24152199074074074 0.5252314814814815 0.4801851851851852
6 0.28436921296296297 0.6485821759259259 0.5276967592592593 0.18042824074074063
6 0.21084490740740738 0.8566956018518518 0.4021296296296296 0.2866087962962965
6 0.1701851851851852 0.5152430555555556 0.3403703703703704 0.11766203703703688
6 0.5650347222222223 0.3200347222222222 0.05771990740740733 0.20135416666666667
6 0.5582118055555556 0.5025636574074074 0.0512037037037036 0.1650925925925925
6 0.5651504629629629 0.6209374999999999 0.03490740740740748 0.07365740740740741
6 0.6131712962962963 0.4686805555555556 0.04701388888888882 0.021180555555555536