4 0.5083680555555555 0.5229456018518519 0.10104166666666661 0.19324074074074069
0 0.5024826388888889 0.3637094907407407 0.019687500000000035 0.04329861111111111
1 0.6024652777777778 0.3570023148148148 0.02604166666666661 0.04835648148148142
6 0.7782204861111112 0.680775462962963 0.4435590277777777 0.5487268518518519
6 0.3822048611111111 0.689224537037037 0.16482638888888887 0.5356365740740742
6 0.16114583333333335 0.7742939814814814 0.2963888888888889 0.4170370370370371
6 0.5121180555555556 0.7973032407407408 0.10756944444444443 0.346550925925926
6 0.7189930555555556 0.390775462962963 0.19968749999999993 0.0680092592592592
6 0.5363020833333334 0.40707754629629633 0.1636111111111111 0.05962962962962948
6 0.4181597222222222 0.406255787037037 0.07263888888888896 0.03863425925925927
6 0.5718055555555555 0.35021412037037036 0.019791666666666784 0.047986111111111104