4 0.3521701388888889 0.46515625 0.3333333333333333 0.1625
2 0.6337673611111111 0.4580729166666666 0.015914351851851905 0.008854166666666784
2 0.625173611111111 0.4796875 0.022337962962962976 0.013958333333333428
2 0.6198206018518518 0.49796874999999996 0.017650462962962975 0.013645833333333357
6 0.6592013888888889 0.4446875 0.035243055555555715 0.025729166666666713
6 0.5833912037037037 0.4505208333333333 0.1177662037037038 0.0234375
6 0.5638599537037037 0.49390625000000005 0.09594907407407405 0.065625
6 0.4024016203703703 0.5818229166666666 0.2221064814814815 0.10520833333333339
6 0.31241319444444443 0.71796875 0.12800925925925927 0.17375000000000007
6 0.4179976851851852 0.6657291666666667 0.09641203703703702 0.078125
6 0.5413194444444445 0.5554166666666667 0.07245370370370381 0.0625