4 0.3438599537037037 0.5348437500000001 0.3354166666666666 0.1625
2 0.6264988425925926 0.5419270833333334 0.016030092592592738 0.008854166666666784
2 0.6197800925925926 0.5203125 0.022523148148148132 0.013958333333333428
2 0.6160243055555555 0.50203125 0.017835648148148132 0.013645833333333357
6 0.6508912037037037 0.5553125 0.03559027777777786 0.025729166666666713
6 0.5751504629629629 0.5494791666666667 0.11799768518518512 0.0234375
6 0.5593692129629629 0.50609375 0.09682870370370367 0.065625
6 0.40478587962962964 0.4181770833333333 0.22344907407407408 0.10520833333333339
6 0.3263946759259259 0.28203125 0.13046296296296295 0.17375
6 0.42795138888888895 0.33427083333333335 0.09747685185185198 0.078125
6 0.5421759259259259 0.4445833333333333 0.07331018518518526 0.0625