4 0.4593229166666667 0.5214988425925926 0.11499999999999985 0.18194444444444446
1 0.6211979166666667 0.37288773148148147 0.03708333333333336 0.041898148148148094
3 0.5958333333333334 0.3325231481481482 0.033333333333333215 0.03240740740740744
6 0.558125 0.6877314814814814 0.15218749999999998 0.576099537037037
6 0.6473958333333334 0.7280671296296297 0.10041666666666664 0.47754629629629636
6 0.7384375000000001 0.8002893518518519 0.13999999999999985 0.3231481481481481
6 0.8640625 0.8798032407407408 0.14958333333333335 0.13958333333333356
6 0.8448958333333334 0.7464699074074075 0.09312499999999986 0.134375
6 0.7244270833333333 0.6013020833333333 0.07281250000000003 0.08686342592592596
6 0.2523958333333333 0.7967881944444445 0.5047916666666666 0.3715856481481481
6 0.23895833333333333 0.5888888888888889 0.33479166666666665 0.06539351851851868
6 0.2601041666666667 0.5405671296296296 0.2927083333333333 0.04201388888888893
6 0.6321875 0.33663194444444444 0.03604166666666657 0.026273148148148094
6 0.5608854166666667 0.37745949074074076 0.08708333333333336 0.04375
6 0.49255208333333333 0.39713541666666663 0.05354166666666664 0.05497685185185182
6 0.44171875 0.4114872685185185 0.04802083333333336 0.042303240740740836
6 0.33479166666666665 0.49571759259259257 0.153125 0.052430555555555536
6 0.37416666666666665 0.44282407407407404 0.07791666666666668 0.046527777777777855