4 0.4953125 0.5765335648148149 0.103125 0.18576388888888892
1 0.64765625 0.444849537037037 0.034375 0.043171296296296194
3 0.61953125 0.40135995370370364 0.03125 0.03356481481481488
6 0.60546875 0.732421875 0.1140625 0.53515625
6 0.69765625 0.7827690972222222 0.06875 0.4344618055555555
6 0.79375 0.862355324074074 0.11875 0.2752893518518519
6 0.925 0.9550925925925926 0.140625 0.08981481481481488
6 0.896875 0.8461226851851851 0.084375 0.1375
6 0.76640625 0.6864583333333334 0.0671875 0.0893518518518519
6 0.2765625 0.8158564814814815 0.540625 0.368287037037037
6 0.27890625 0.6198784722222223 0.33125 0.07766203703703703
6 0.296875 0.5735532407407408 0.290625 0.052777777777777854
6 0.65625 0.40954861111111107 0.034375 0.02754629629629619
6 0.5875 0.4427372685185185 0.084375 0.046875
6 0.5203125 0.4549479166666666 0.05 0.05682870370370381
6 0.4703125 0.463744212962963 0.0453125 0.04398148148148149
6 0.36875 0.5366898148148149 0.15 0.05798611111111107
6 0.4046875 0.4877893518518519 0.075 0.04930555555555571