4 0.5046875 0.53984375 0.10390625 0.178125
1 0.35234375 0.396875 0.034375 0.03984375
3 0.38046875 0.35546875 0.03046875 0.03125
6 0.39453125 0.71015625 0.1140625 0.571875
6 0.30234375 0.75390625 0.06875 0.475
6 0.20625 0.8296875 0.11953125 0.31796875
6 0.075 0.9140625 0.140625 0.134375
6 0.103125 0.7796875 0.084375 0.13203125
6 0.23359375 0.6296875 0.0671875 0.08359375
6 0.7234375 0.80703125 0.53984375 0.3515625
6 0.72109375 0.59921875 0.33125 0.053125
6 0.703125 0.5515625 0.290625 0.03125
6 0.34375 0.3609375 0.03515625 0.02421875
6 0.4125 0.39921875 0.084375 0.03984375
6 0.4796875 0.41640625 0.05 0.053125
6 0.5296875 0.42890625 0.0453125 0.04140625
6 0.63125 0.509375 0.15 0.04609375
6 0.5953125 0.4578125 0.075 0.04375