4 0.47619791666666667 0.5547916666666667 0.1125 0.21781249999999996
1 0.6194791666666667 0.468125 0.08211805555555571 0.13010416666666663
6 0.11793402777777777 0.39015625 0.23586805555555554 0.24781250000000005
6 0.32185763888888885 0.38203125 0.1936805555555555 0.22166666666666668
6 0.5049652777777778 0.3807291666666667 0.16993055555555542 0.17802083333333335
6 0.8755902777777778 0.48921875000000004 0.20256944444444472 0.14125000000000015
6 0.8873784722222222 0.59203125 0.1686805555555555 0.07979166666666657
6 0.6486631944444444 0.35479166666666667 0.10843749999999996 0.09135416666666671
6 0.7205208333333333 0.4730729166666666 0.118888888888889 0.15124999999999994
6 0.7748090277777777 0.39078125 0.14791666666666678 0.10333333333333332
6 0.8944444444444443 0.41552083333333334 0.09173611111111128 0.03104166666666668