4 0.5809085648148148 0.45843749999999994 0.21246527777777774 0.1171875
1 0.5056365740740741 0.32375 0.12613425925925908 0.08489583333333339
6 0.385462962962963 0.84921875 0.23493055555555556 0.2638541666666665
6 0.3949074074074074 0.6331770833333333 0.21210648148148142 0.19833333333333342
6 0.40856481481481477 0.44885416666666667 0.16959490740740737 0.17364583333333333
6 0.5477372685185184 0.08304687499999999 0.13104166666666667 0.16609374999999998
6 0.651886574074074 0.062578125 0.0712037037037037 0.12515625
6 0.39427662037037037 0.3069791666666667 0.08592592592592592 0.11031250000000004
6 0.5188599537037037 0.22140624999999997 0.14541666666666675 0.12208333333333332
6 0.4407060185185186 0.17588541666666666 0.09587962962962955 0.15
6 0.47531249999999997 0.052604166666666674 0.026342592592592595 0.09229166666666666