4 0.42522569444444447 0.4914236111111111 0.15666666666666665 0.0842245370370371
1 0.6208159722222222 0.4091666666666667 0.028819444444444287 0.016458333333333287
1 0.6028125 0.4455902777777778 0.032638888888888926 0.032175925925925955
6 0.5401388888888888 0.5917881944444444 0.09798611111111111 0.30874999999999986
6 0.18463541666666666 0.6981655092592594 0.3692708333333333 0.5989814814814813
6 0.42418402777777775 0.760630787037037 0.16999999999999993 0.45444444444444443
6 0.5210416666666667 0.8108159722222222 0.04944444444444436 0.12942129629629626
6 0.6195138888888889 0.3857986111111111 0.013680555555555607 0.02693287037037031
6 0.12919270833333335 0.3785763888888889 0.2583854166666667 0.06090277777777775
6 0.06086805555555556 0.3198842592592593 0.12173611111111111 0.07898148148148146
6 0.1559201388888889 0.33633680555555556 0.06552083333333333 0.03471064814814815
6 0.40435763888888887 0.4343055555555555 0.06291666666666665 0.011226851851851904