4 0.44031828703703707 0.4687847222222222 0.15430555555555542 0.08876157407407419
1 0.6313715277777778 0.5339583333333333 0.02835648148148149 0.017291666666666573
1 0.6154976851851852 0.49899305555555556 0.03171296296296298 0.0331018518518519
6 0.5613888888888889 0.35779513888888886 0.0889120370370371 0.3112500000000001
6 0.1937326388888889 0.294921875 0.3874652777777778 0.58984375
6 0.4552488425925926 0.21402488425925928 0.15666666666666665 0.42804976851851856
6 0.5552546296296296 0.13960069444444442 0.045648148148148236 0.1307175925925926
6 0.6286805555555556 0.5575347222222222 0.012893518518518476 0.02730324074074062
6 0.13382523148148148 0.6087152777777778 0.26328703703703704 0.0686805555555555
6 0.062442129629629625 0.6741435185185185 0.12488425925925925 0.0829629629629629
6 0.16133680555555557 0.6484548611111112 0.06454861111111114 0.0366087962962963
6 0.4160243055555556 0.5279861111111112 0.062638888888889 0.01307870370370381