0 0.49765625 0.65703125 0.0890625 0.2234375
1 0.22578125 0.84453125 0.44765625 0.3109375
1 0.68828125 0.8796875 0.4765625 0.2171875
1 0.61484375 0.70390625 0.146875 0.2046875
1 0.74921875 0.72109375 0.1203125 0.11171875
1 0.475 0.49453125 0.13984375 0.06640625
1 0.584375 0.55859375 0.07734375 0.07421875
1 0.32421875 0.63515625 0.26484375 0.13203125
1 0.38828125 0.534375 0.1203125 0.07421875
1 0.3078125 0.54375 0.05078125 0.0453125
1 0.1578125 0.65625 0.07890625 0.078125
1 0.471875 0.440625 0.0546875 0.03984375
1 0.40234375 0.41328125 0.04140625 0.03359375
1 0.4125 0.4453125 0.01328125 0.01875