0 0.5015625 0.57265625 0.10234375 0.17890625
1 0.5 0.7328125 0.99921875 0.165625
1 0.334375 0.55 0.23125 0.19453125
1 0.58515625 0.54609375 0.06640625 0.21640625
1 0.68203125 0.578125 0.12578125 0.1359375
1 0.784375 0.59921875 0.078125 0.09140625
1 0.134375 0.5703125 0.16484375 0.15625
1 0.4265625 0.434375 0.0703125 0.02890625
1 0.50234375 0.4625 0.10390625 0.04453125
1 0.509375 0.42109375 0.04140625 0.0390625
1 0.5859375 0.4203125 0.05703125 0.03203125
1 0.02578125 0.57578125 0.04765625 0.14296875
1 0.640625 0.40546875 0.0453125 0.0203125
1 0.36875 0.4359375 0.04765625 0.025
1 0.19296875 0.47734375 0.05234375 0.02890625