0 0.4984375 0.6625 0.1 0.215625
1 0.471875 0.4265625 0.05546875 0.03828125
1 0.528125 0.46171875 0.28125 0.0515625
1 0.559375 0.428125 0.1 0.03203125
1 0.22265625 0.80546875 0.434375 0.36875
1 0.7203125 0.8859375 0.559375 0.228125
1 0.77578125 0.73984375 0.4484375 0.0671875
1 0.93515625 0.61015625 0.1296875 0.20078125
1 0.6375 0.6046875 0.16953125 0.22109375
1 0.69296875 0.46484375 0.0546875 0.0515625
1 0.30078125 0.5765625 0.290625 0.09140625
1 0.49609375 0.51953125 0.11328125 0.0609375
1 0.36171875 0.5125 0.153125 0.053125
1 0.36953125 0.47421875 0.04140625 0.0328125