0 0.503125 0.571875 0.09921875 0.159375
1 0.48203125 0.3796875 0.03203125 0.0265625
1 0.46953125 0.44375 0.11328125 0.05546875
1 0.2265625 0.70859375 0.453125 0.19921875
1 0.65078125 0.7703125 0.38671875 0.109375
1 0.38515625 0.5171875 0.14453125 0.1171875
1 0.24453125 0.5625 0.1390625 0.07109375
1 0.3828125 0.5953125 0.1328125 0.0390625
1 0.275 0.5140625 0.06796875 0.03671875
1 0.12265625 0.57734375 0.11328125 0.0515625
1 0.62578125 0.6828125 0.33671875 0.06171875
1 0.63359375 0.6046875 0.1609375 0.071875
1 0.60625 0.54609375 0.09921875 0.0453125
1 0.55 0.465625 0.03046875 0.0421875
1 0.5828125 0.49609375 0.04765625 0.0421875
1 0.396875 0.440625 0.03046875 0.0421875