0 0.49765625 0.57734375 0.115625 0.1546875
1 0.303125 0.78125 0.2609375 0.328125
1 0.71875 0.80234375 0.5625 0.2828125
1 0.64765625 0.5796875 0.184375 0.17578125
1 0.80078125 0.6046875 0.11953125 0.11015625
1 0.9140625 0.6296875 0.11015625 0.07421875
1 0.37265625 0.5703125 0.134375 0.08671875
1 0.0875 0.8359375 0.16796875 0.20703125
1 0.12734375 0.69375 0.08828125 0.078125
1 0.2703125 0.58984375 0.075 0.05234375
1 0.40546875 0.49453125 0.06796875 0.04609375
1 0.46328125 0.46171875 0.04296875 0.059375
1 0.590625 0.46328125 0.18125 0.0578125
1 0.54453125 0.41953125 0.08046875 0.03984375
1 0.465625 0.41640625 0.01875 0.03671875
1 0.42734375 0.45546875 0.03046875 0.0296875