0 0.5015625 0.6375 0.08203125 0.1875
1 0.32890625 0.41875 0.05390625 0.04921875
1 0.415625 0.46796875 0.1484375 0.06796875
1 0.36953125 0.59765625 0.171875 0.19296875
1 0.19375 0.63046875 0.18125 0.1140625
1 0.24921875 0.56171875 0.0625 0.07265625
1 0.39453125 0.853125 0.7734375 0.265625
1 0.58828125 0.6296875 0.0796875 0.19296875
1 0.6640625 0.665625 0.0625 0.11484375
1 0.14296875 0.66171875 0.2796875 0.11796875
1 0.36171875 0.69921875 0.14140625 0.05859375
1 0.39375 0.43125 0.065625 0.05390625