0 0.5 0.5625 0.08984375 0.1453125
1 0.5984375 0.4328125 0.05703125 0.009375
1 0.52890625 0.45078125 0.125 0.0203125
1 0.46953125 0.4734375 0.2359375 0.03828125
1 0.60078125 0.571875 0.1015625 0.16015625
1 0.696875 0.5953125 0.0859375 0.15703125
1 0.77109375 0.625 0.0484375 0.1515625
1 0.8234375 0.62890625 0.05 0.096875
1 0.91328125 0.6375 0.1140625 0.025
1 0.35703125 0.5765625 0.19609375 0.153125
1 0.4515625 0.7328125 0.71328125 0.18125
1 0.2015625 0.60390625 0.1328125 0.0640625
1 0.33046875 0.48515625 0.05859375 0.03203125