0 0.4921875 0.70234375 0.12734375 0.2640625
1 0.50234375 0.8984375 0.9953125 0.203125
1 0.58046875 0.52421875 0.04609375 0.5203125
1 0.803125 0.684375 0.39296875 0.19921875
1 0.74609375 0.51171875 0.29140625 0.1
1 0.6875 0.3703125 0.16328125 0.14140625
1 0.72890625 0.12109375 0.15234375 0.20546875
1 0.61171875 0.16484375 0.07890625 0.11328125
1 0.21484375 0.63671875 0.4296875 0.2890625
1 0.48984375 0.390625 0.128125 0.20546875
1 0.36484375 0.4265625 0.128125 0.11484375
1 0.403125 0.34140625 0.04765625 0.04375
1 0.25546875 0.44765625 0.09609375 0.103125