0 0.49921875 0.66953125 0.071875 0.246875
1 0.4625 0.4390625 0.01953125 0.0328125
1 0.4890625 0.4484375 0.0296875 0.04453125
1 0.54609375 0.5109375 0.0953125 0.07890625
1 0.46328125 0.51640625 0.07109375 0.03515625
1 0.33125 0.81328125 0.2625 0.3734375
1 0.40234375 0.58984375 0.12109375 0.0734375
1 0.10546875 0.8796875 0.18671875 0.21796875
1 0.1546875 0.73203125 0.08671875 0.07578125
1 0.73046875 0.896875 0.5328125 0.20625
1 0.63125 0.675 0.19140625 0.23359375
1 0.78984375 0.6984375 0.11796875 0.1921875
1 0.909375 0.72578125 0.115625 0.12734375
1 0.63203125 0.52109375 0.07578125 0.06640625