0 0.4984375 0.578125 0.09921875 0.17734375
1 0.51953125 0.4 0.0578125 0.01875
1 0.5125 0.44609375 0.075 0.06484375
1 0.2234375 0.73671875 0.44609375 0.16015625
1 0.725 0.74140625 0.55 0.140625
1 0.61953125 0.5671875 0.134375 0.19140625
1 0.84296875 0.6125 0.31328125 0.1140625
1 0.7421875 0.521875 0.11328125 0.0640625
1 0.22578125 0.58828125 0.446875 0.11484375
1 0.31875 0.49921875 0.2484375 0.08046875
1 0.38515625 0.43359375 0.0875 0.05625
1 0.45625 0.4609375 0.03984375 0.02890625
1 0.48203125 0.40546875 0.0125 0.0203125
1 0.30546875 0.44140625 0.07890625 0.03515625
1 0.15703125 0.509375 0.08671875 0.04765625
1 0.2484375 0.44921875 0.04140625 0.021875
1 0.18671875 0.47265625 0.03828125 0.01953125