0 0.49609375 0.66015625 0.103125 0.2390625
1 0.5890625 0.69140625 0.0921875 0.60390625
1 0.68125 0.7375 0.09375 0.525
1 0.75703125 0.7984375 0.05390625 0.40234375
1 0.81640625 0.80390625 0.0421875 0.36484375
1 0.89296875 0.84296875 0.09375 0.3125
1 0.96875 0.87734375 0.0625 0.2203125
1 0.9234375 0.45703125 0.153125 0.15703125
1 0.325 0.7609375 0.2296875 0.478125
1 0.49375 0.8890625 0.0984375 0.22109375
1 0.10546875 0.834375 0.20625 0.32734375
1 0.16171875 0.62578125 0.09921875 0.1
1 0.42109375 0.49375 0.24296875 0.06875
1 0.49140625 0.43828125 0.1015625 0.059375
1 0.78359375 0.44609375 0.1203125 0.0703125
1 0.82265625 0.40078125 0.0625 0.04453125
1 0.65546875 0.4421875 0.034375 0.04609375