0 0.4953125 0.571875 0.10390625 0.15546875
1 0.21875 0.6875 0.4375 0.25234375
1 0.7234375 0.7375 0.553125 0.178125
1 0.71171875 0.5640625 0.32421875 0.16484375
1 0.93828125 0.60703125 0.12265625 0.06171875
1 0.63828125 0.40234375 0.09140625 0.03515625
1 0.65625 0.45234375 0.3265625 0.053125
1 0.734375 0.40859375 0.08828125 0.03203125
1 0.45703125 0.4640625 0.08515625 0.04296875
1 0.15625 0.53125 0.128125 0.04609375
1 0.3796875 0.50703125 0.12265625 0.10078125
1 0.27109375 0.53515625 0.0953125 0.0421875
1 0.42890625 0.36875 0.0375 0.021875