1 0.24609375 0.8578125 0.434375 0.28359375
1 0.734375 0.8796875 0.52734375 0.23515625
1 0.62421875 0.63125 0.18515625 0.21484375
1 0.75859375 0.665625 0.065625 0.18203125
1 0.8296875 0.675 0.05703125 0.1203125
1 0.32578125 0.66875 0.2640625 0.0765625
1 0.39296875 0.5921875 0.16015625 0.05625
1 0.48125 0.52421875 0.11015625 0.04375
1 0.51953125 0.47265625 0.0359375 0.04140625
1 0.58671875 0.47421875 0.03046875 0.07734375
1 0.63359375 0.44140625 0.03671875 0.0265625
1 0.71640625 0.43671875 0.06171875 0.034375
1 0.7875 0.4515625 0.0484375 0.02109375