0 0.4984375 0.6890625 0.1328125 0.28125
1 0.40859375 0.4765625 0.37734375 0.1015625
1 0.215625 0.8859375 0.43125 0.225
1 0.7171875 0.91328125 0.56171875 0.1609375
1 0.628125 0.68984375 0.11953125 0.2984375
1 0.7640625 0.7453125 0.14609375 0.1671875
1 0.8828125 0.78203125 0.08046875 0.09140625
1 0.72578125 0.62109375 0.0703125 0.08046875
1 0.6203125 0.50546875 0.0515625 0.0578125
1 0.10859375 0.62734375 0.2171875 0.25859375
1 0.325 0.65625 0.21015625 0.25859375
1 0.17265625 0.4703125 0.10078125 0.0578125
1 0.40703125 0.4125 0.1171875 0.0484375
1 0.490625 0.41484375 0.0484375 0.02109375
1 0.3375 0.4140625 0.02734375 0.03046875