0 0.4984375 0.54296875 0.0703125 0.146875
1 0.23046875 0.75625 0.45859375 0.3515625
1 0.72578125 0.77421875 0.5484375 0.2984375
1 0.6265625 0.55625 0.18125 0.15
1 0.77734375 0.575 0.11015625 0.10078125
1 0.5 0.428125 0.1640625 0.065625
1 0.6015625 0.46328125 0.11484375 0.0171875
1 0.60625 0.43828125 0.04609375 0.02890625
1 0.33359375 0.53046875 0.25546875 0.10625
1 0.378125 0.45390625 0.08984375 0.0640625
1 0.18046875 0.5453125 0.08125 0.07421875
1 0.30625 0.46015625 0.04765625 0.0390625
1 0.4578125 0.384375 0.02578125 0.01953125
1 0.471875 0.35859375 0.01328125 0.009375
1 0.40546875 0.40703125 0.03515625 0.025