0 0.50234375 0.66640625 0.09296875 0.1734375
1 0.4171875 0.46171875 0.13828125 0.059375
1 0.33046875 0.47734375 0.034375 0.04140625
1 0.33046875 0.5828125 0.14921875 0.18359375
1 0.34765625 0.834375 0.18125 0.30078125
1 0.1265625 0.81953125 0.253125 0.35546875
1 0.1859375 0.60234375 0.1375 0.06171875
1 0.22578125 0.5453125 0.05546875 0.0390625
1 0.51484375 0.46796875 0.05546875 0.04453125
1 0.59609375 0.48359375 0.08359375 0.05
1 0.54921875 0.47421875 0.01015625 0.02578125
1 0.7 0.5140625 0.10703125 0.05078125
1 0.8265625 0.54453125 0.13671875 0.075
1 0.9515625 0.58046875 0.096875 0.09765625