1 0.36796875 0.353125 0.02890625 0.034375
1 0.4109375 0.38984375 0.06484375 0.04140625
1 0.425 0.4375 0.04375 0.03828125
1 0.49609375 0.42890625 0.04375 0.03671875
1 0.52734375 0.4953125 0.26484375 0.034375
1 0.4046875 0.57578125 0.0484375 0.1125
1 0.35625 0.6984375 0.12421875 0.18359375
1 0.6921875 0.59765625 0.24765625 0.11796875
1 0.790625 0.72265625 0.4171875 0.16015625
1 0.64296875 0.51796875 0.1515625 0.03046875
1 0.534375 0.47109375 0.1546875 0.034375
1 0.709375 0.903125 0.57734375 0.19375
1 0.20859375 0.890625 0.4125 0.21171875
1 0.2421875 0.73984375 0.1171875 0.0796875