0 0.49296875 0.5671875 0.11484375 0.16640625
1 0.409375 0.73359375 0.81796875 0.1546875
1 0.5515625 0.43515625 0.11953125 0.0640625
1 0.21796875 0.575 0.4359375 0.15234375
1 0.58125 0.5625 0.05859375 0.18203125
1 0.66953125 0.60546875 0.1140625 0.09140625
1 0.75546875 0.6328125 0.0546875 0.059375
1 0.6296875 0.52578125 0.03984375 0.06796875
1 0.40390625 0.46015625 0.175 0.04765625
1 0.46953125 0.42109375 0.03671875 0.028125
1 0.49375 0.41875 0.0078125 0.02265625
1 0.275 0.47421875 0.103125 0.05546875
1 0.171875 0.48671875 0.11875 0.03515625
1 0.2140625 0.46171875 0.02265625 0.01875
1 0.425 0.42265625 0.05859375 0.01875