0 0.50078125 0.5703125 0.10859375 0.178125
1 0.47109375 0.4109375 0.0484375 0.04453125
1 0.45390625 0.4421875 0.17890625 0.053125
1 0.2234375 0.6796875 0.44140625 0.3109375
1 0.72265625 0.74375 0.5546875 0.159375
1 0.65390625 0.59609375 0.19609375 0.146875
1 0.81953125 0.62109375 0.13203125 0.078125
1 0.60859375 0.48125 0.115625 0.065625
1 0.55 0.43203125 0.01484375 0.025
1 0.31875 0.4921875 0.25078125 0.0671875
1 0.34453125 0.4390625 0.0484375 0.03125
1 0.14140625 0.50546875 0.10546875 0.03515625
1 0.1796875 0.4765625 0.03046875 0.0234375
1 0.2953125 0.44765625 0.0578125 0.01953125