0 0.4984375 0.584375 0.10078125 0.17734375
0 0.66328125 0.37578125 0.03203125 0.03984375
1 0.9046875 0.41015625 0.0265625 0.02265625
1 0.90390625 0.44375 0.02109375 0.03984375
1 0.95625 0.46875 0.08203125 0.0453125
1 0.96015625 0.43828125 0.01875 0.0203125
1 0.715625 0.38515625 0.046875 0.04140625
1 0.77265625 0.4125 0.059375 0.03125
1 0.759375 0.3890625 0.0390625 0.0296875
1 0.82890625 0.42421875 0.04453125 0.02890625
1 0.87421875 0.44140625 0.03203125 0.0265625
1 0.85703125 0.43203125 0.01484375 0.025
1 0.22421875 0.625 0.4421875 0.42734375
1 0.509375 0.74296875 0.1234375 0.1546875
1 0.6 0.7609375 0.05703125 0.13046875
1 0.5671875 0.62578125 0.03515625 0.078125
1 0.403125 0.40625 0.36015625 0.071875
1 0.50625 0.46875 0.11640625 0.04453125
1 0.48046875 0.346875 0.1828125 0.05625
1 0.60859375 0.3625 0.07265625 0.0671875
1 0.34765625 0.35625 0.07734375 0.0203125