0 0.49921875 0.56875 0.08359375 0.1328125
1 0.86171875 0.4109375 0.05703125 0.028125
1 0.8140625 0.43359375 0.0703125 0.05625
1 0.90625 0.459375 0.0375 0.03359375
1 0.89296875 0.4296875 0.01015625 0.0125
1 0.74609375 0.41484375 0.059375 0.0359375
1 0.7 0.39453125 0.03203125 0.04453125
1 0.22890625 0.6515625 0.45390625 0.33515625
1 0.55703125 0.7296875 0.20234375 0.171875
1 0.69296875 0.78046875 0.065625 0.08359375
1 0.56953125 0.5828125 0.0578125 0.12890625
1 0.309375 0.47265625 0.465625 0.0359375
1 0.3640625 0.43984375 0.1890625 0.03203125
1 0.5109375 0.43125 0.03203125 0.0359375
1 0.515625 0.36640625 0.0703125 0.053125
1 0.4171875 0.41171875 0.0828125 0.02578125
1 0.45390625 0.38203125 0.0484375 0.03515625
1 0.571875 0.35859375 0.03984375 0.03828125
1 0.6234375 0.36953125 0.0546875 0.03515625