0 0.503125 0.64609375 0.1140625 0.21484375
1 0.47109375 0.4828125 0.10234375 0.05234375
1 0.43046875 0.86484375 0.8609375 0.2296875
1 0.32109375 0.68046875 0.24453125 0.1296875
1 0.396875 0.565625 0.090625 0.11640625
1 0.60859375 0.65078125 0.09140625 0.21015625
1 0.6953125 0.69609375 0.08046875 0.1296875
1 0.76328125 0.7125 0.05078125 0.06484375
1 0.5046875 0.5109375 0.115625 0.0390625
1 0.403125 0.49609375 0.03359375 0.02578125
1 0.315625 0.5796875 0.09296875 0.06328125
1 0.34296875 0.53203125 0.0125 0.01640625
1 0.16015625 0.6984375 0.09140625 0.09609375
1 0.08828125 0.7203125 0.05546875 0.0578125