0 0.4984375 0.68046875 0.10859375 0.275
1 0.26171875 0.45546875 0.059375 0.01640625
1 0.27265625 0.47265625 0.04765625 0.01875
1 0.34140625 0.471875 0.0375 0.0109375
1 0.3828125 0.51015625 0.24609375 0.03359375
1 0.3984375 0.4765625 0.06875 0.02578125
1 0.33203125 0.765625 0.23359375 0.46328125
1 0.1078125 0.8546875 0.20859375 0.2765625
1 0.1390625 0.68359375 0.15078125 0.046875
1 0.17421875 0.63046875 0.07734375 0.04296875
1 0.1953125 0.584375 0.04375 0.03203125
1 0.72265625 0.9078125 0.5453125 0.184375
1 0.77109375 0.75625 0.425 0.10234375
1 0.60390625 0.63359375 0.0875 0.13984375
1 0.69921875 0.6484375 0.0953125 0.12109375
1 0.77734375 0.653125 0.059375 0.08203125
1 0.8484375 0.67109375 0.0703125 0.04296875
1 0.5359375 0.5234375 0.040625 0.0171875