0 0.49921875 0.571875 0.11953125 0.15703125
1 0.403125 0.4421875 0.0484375 0.025
1 0.49453125 0.46796875 0.1734375 0.02265625
1 0.465625 0.446875 0.06953125 0.01640625
1 0.5109375 0.48125 0.23515625 0.03203125
1 0.6609375 0.659375 0.18984375 0.32265625
1 0.87578125 0.69921875 0.24375 0.221875
1 0.7984375 0.56015625 0.0828125 0.0546875
1 0.88359375 0.5703125 0.0828125 0.0421875
1 0.3375 0.775 0.45 0.08359375
1 0.35625 0.696875 0.40859375 0.07109375
1 0.40234375 0.575 0.07109375 0.14609375
1 0.315625 0.63125 0.103125 0.03984375
1 0.3390625 0.59296875 0.053125 0.03828125
1 0.353125 0.55703125 0.03046875 0.0359375