0 0.49765625 0.56484375 0.09140625 0.15859375
1 0.50234375 0.38359375 0.01640625 0.0140625
1 0.48671875 0.3859375 0.0109375 0.0109375
1 0.53359375 0.3953125 0.04609375 0.0171875
1 0.440625 0.715625 0.878125 0.196875
1 0.940625 0.7609375 0.1125 0.11015625
1 0.6 0.5234375 0.10546875 0.17890625
1 0.66328125 0.5421875 0.02109375 0.1421875
1 0.7046875 0.5609375 0.053125 0.10078125
1 0.7640625 0.58359375 0.05078125 0.06484375
1 0.32890625 0.53515625 0.24375 0.13671875
1 0.10390625 0.5609375 0.203125 0.08515625
1 0.15703125 0.49765625 0.09453125 0.0234375
1 0.44609375 0.45546875 0.20546875 0.0390625
1 0.31796875 0.45859375 0.053125 0.025
1 0.5015625 0.42734375 0.084375 0.0140625
1 0.609375 0.41953125 0.075 0.0234375
1 0.5234375 0.41171875 0.04140625 0.025
1 0.571875 0.40234375 0.0140625 0.01015625