0 0.49375 0.58125 0.11015625 0.17890625
1 0.896875 0.4890625 0.20625 0.11328125
1 0.36015625 0.7671875 0.7046875 0.09453125
1 0.5609375 0.6875 0.265625 0.05859375
1 0.6234375 0.58046875 0.14140625 0.16015625
1 0.71953125 0.58046875 0.04375 0.04140625
1 0.10625 0.62734375 0.2046875 0.1890625
1 0.171875 0.51015625 0.08046875 0.03984375
1 0.434375 0.4640625 0.1015625 0.03515625
1 0.328125 0.46796875 0.1078125 0.01875
1 0.58515625 0.46640625 0.11015625 0.0515625
1 0.74140625 0.4421875 0.10390625 0.0234375
1 0.66953125 0.4828125 0.05 0.0234375