0 0.5 0.57734375 0.10859375 0.165625
1 0.45703125 0.45546875 0.15078125 0.059375
1 0.22578125 0.70546875 0.44140625 0.2171875
1 0.63828125 0.7390625 0.371875 0.14921875
1 0.6046875 0.57890625 0.096875 0.1453125
1 0.68671875 0.6203125 0.06484375 0.08828125
1 0.3078125 0.5578125 0.278125 0.090625
1 0.34921875 0.478125 0.071875 0.05546875
1 0.365625 0.43359375 0.03046875 0.0234375
1 0.2859375 0.4875 0.06171875 0.03671875
1 0.44453125 0.38125 0.03046875 0.02578125
1 0.12734375 0.5703125 0.0859375 0.0453125
1 0.41796875 0.49921875 0.0578125 0.028125