0 0.49921875 0.54765625 0.09765625 0.1765625
1 0.45390625 0.403125 0.01640625 0.1046875
1 0.484375 0.84609375 0.96640625 0.303125
1 0.34609375 0.58359375 0.20546875 0.23046875
1 0.165625 0.63359375 0.15078125 0.11484375
1 0.2140625 0.53984375 0.06171875 0.07421875
1 0.64375 0.61015625 0.1828125 0.1546875
1 0.4984375 0.65 0.1109375 0.0703125
1 0.78671875 0.6296875 0.09921875 0.10703125
1 0.4890625 0.415625 0.04296875 0.078125
1 0.61015625 0.50078125 0.10859375 0.065625
1 0.38515625 0.44765625 0.11640625 0.03671875
1 0.4078125 0.40703125 0.06796875 0.02890625
1 0.42265625 0.3734375 0.00234375 0.04453125
1 0.5359375 0.428125 0.0296875 0.0390625
1 0.56875 0.45703125 0.02421875 0.01953125