0 0.49609375 0.53125 0.10078125 0.17109375
1 0.8765625 0.390625 0.15859375 0.0140625
1 0.7734375 0.39765625 0.04765625 0.01953125
1 0.6609375 0.4109375 0.103125 0.01875
1 0.1734375 0.775 0.340625 0.41640625
1 0.61171875 0.79921875 0.07578125 0.3671875
1 0.71640625 0.87421875 0.12734375 0.21015625
1 0.828125 0.9484375 0.09140625 0.08828125
1 0.33125 0.53671875 0.221875 0.13203125
1 0.1734375 0.5265625 0.09140625 0.065625
1 0.1046875 0.54609375 0.04765625 0.04453125
1 0.40546875 0.45546875 0.07578125 0.025
1 0.5265625 0.4375 0.15546875 0.0296875
1 0.5609375 0.53671875 0.0234375 0.159375
1 0.6265625 0.42734375 0.04609375 0.02265625
1 0.59375 0.465625 0.0375 0.021875
1 0.59296875 0.57109375 0.046875 0.08125