0 0.50234375 0.54921875 0.06640625 0.16171875
1 0.4046875 0.81484375 0.79453125 0.32578125
1 0.32109375 0.559375 0.29375 0.2
1 0.59375 0.584375 0.1078125 0.14921875
1 0.47578125 0.43359375 0.071875 0.06328125
1 0.34375 0.4265625 0.05546875 0.05390625
1 0.0890625 0.5875 0.178125 0.134375
1 0.290625 0.43984375 0.04609375 0.04921875
1 0.44765625 0.34453125 0.0390625 0.01875
1 0.425 0.36015625 0.04921875 0.03125
1 0.45546875 0.390625 0.0359375 0.01953125
1 0.36171875 0.39296875 0.025 0.01953125
1 0.25234375 0.440625 0.0359375 0.04140625
1 0.1359375 0.48984375 0.07890625 0.0484375