0 0.50546875 0.53984375 0.0875 0.18046875
1 0.4578125 0.4046875 0.02421875 0.02421875
1 0.6046875 0.8125 0.78984375 0.3578125
1 0.621875 0.5328125 0.14140625 0.17421875
1 0.74375 0.5578125 0.1015625 0.1375
1 0.890625 0.603125 0.19375 0.05625
1 0.10703125 0.88359375 0.20546875 0.18671875
1 0.54609375 0.4296875 0.19296875 0.02421875
1 0.44296875 0.53046875 0.028125 0.19296875
1 0.41328125 0.54609375 0.03046875 0.16875
1 0.37890625 0.565625 0.03125 0.13046875
1 0.34140625 0.58671875 0.04453125 0.08984375
1 0.303125 0.60078125 0.0234375 0.06796875
1 0.26484375 0.60234375 0.025 0.05703125