0 0.5 0.55078125 0.1109375 0.1796875
1 0.3015625 0.36171875 0.03046875 0.0359375
1 0.41484375 0.8203125 0.82734375 0.359375
1 0.90390625 0.9046875 0.15546875 0.1890625
1 0.61015625 0.56171875 0.103125 0.1625
1 0.70859375 0.590625 0.09140625 0.08125
1 0.38203125 0.52265625 0.12109375 0.23359375
1 0.40078125 0.3921875 0.07578125 0.0328125
1 0.49921875 0.43125 0.109375 0.0546875
1 0.30390625 0.54296875 0.04140625 0.20859375
1 0.25234375 0.571875 0.06171875 0.14140625
1 0.18046875 0.5953125 0.08671875 0.0859375
1 0.1125 0.6140625 0.04921875 0.053125
1 0.353125 0.39375 0.02421875 0.0359375