0 0.50390625 0.55 0.05390625 0.15390625
1 0.57890625 0.69765625 0.08359375 0.57421875
1 0.809375 0.86875 0.37421875 0.22734375
1 0.7453125 0.68046875 0.2421875 0.15390625
1 0.6859375 0.54609375 0.13515625 0.08125
1 0.64453125 0.4765625 0.0421875 0.05859375
1 0.2671875 0.80625 0.534375 0.3515625
1 0.30546875 0.55703125 0.1921875 0.1421875
1 0.4546875 0.43671875 0.1609375 0.0515625
1 0.35859375 0.4671875 0.0375 0.0296875
1 0.509375 0.3625 0.03046875 0.0171875
1 0.465625 0.39921875 0.01484375 0.0265625
1 0.50546875 0.39921875 0.01953125 0.0265625
1 0.50390625 0.3765625 0.01171875 0.02265625
1 0.53515625 0.390625 0.0171875 0.03671875