0 0.50078125 0.56328125 0.07578125 0.15625
1 0.63125 0.69375 0.16484375 0.584375
1 0.85703125 0.77734375 0.284375 0.41171875
1 0.7796875 0.51796875 0.1328125 0.0984375
1 0.27265625 0.8234375 0.5453125 0.35234375
1 0.3953125 0.56796875 0.12421875 0.14375
1 0.51328125 0.43359375 0.07109375 0.090625
1 0.4546875 0.45859375 0.04140625 0.05859375
1 0.28359375 0.5953125 0.10234375 0.08359375
1 0.32109375 0.5265625 0.01875 0.0375
1 0.4140625 0.46484375 0.03515625 0.0484375
1 0.575 0.36015625 0.0078125 0.0140625
1 0.590625 0.38671875 0.03671875 0.025
1 0.19296875 0.6109375 0.0734375 0.065625