0 0.49453125 0.5640625 0.1234375 0.2421875
1 0.5375 0.35859375 0.0375 0.01953125
1 0.51953125 0.40078125 0.015625 0.08125
1 0.55078125 0.4 0.04375 0.065625
1 0.62578125 0.7125 0.12890625 0.5484375
1 0.58828125 0.40625 0.028125 0.05078125
1 0.61875 0.41796875 0.02890625 0.03671875
1 0.48984375 0.396875 0.04375 0.059375
1 0.21328125 0.80078125 0.4265625 0.36640625
1 0.4953125 0.834375 0.13203125 0.29140625
1 0.35 0.5453125 0.16171875 0.13046875
1 0.221875 0.56796875 0.08203125 0.09296875
1 0.4046875 0.45234375 0.053125 0.05546875
1 0.45625 0.4203125 0.028125 0.03671875
1 0.14921875 0.5875 0.06875 0.06796875
1 0.7609375 0.78828125 0.140625 0.4015625
1 0.915625 0.81015625 0.1671875 0.33515625
1 0.75 0.54375 0.11796875 0.10546875