0 0.5015625 0.56796875 0.109375 0.203125
1 0.553125 0.353125 0.04453125 0.04140625
1 0.5109375 0.36796875 0.04140625 0.02578125
1 0.5234375 0.3484375 0.01328125 0.01015625
1 0.56171875 0.4234375 0.053125 0.090625
1 0.5109375 0.4203125 0.046875 0.08828125
1 0.2234375 0.74453125 0.440625 0.5046875
1 0.278125 0.46796875 0.328125 0.02109375
1 0.72109375 0.834375 0.5578125 0.33125
1 0.6203125 0.57421875 0.12265625 0.17890625
1 0.7359375 0.6078125 0.109375 0.11015625
1 0.3796875 0.4234375 0.1484375 0.02890625
1 0.46953125 0.44765625 0.03125 0.0171875
1 0.48125 0.36953125 0.02421875 0.01015625
1 0.4453125 0.3890625 0.02109375 0.021875
1 0.4265625 0.38984375 0.02421875 0.028125