0 0.49921875 0.5625 0.0796875 0.14453125
1 0.625 0.4359375 0.09140625 0.04921875
1 0.65859375 0.39453125 0.0296875 0.0171875
1 0.64296875 0.7234375 0.1265625 0.528125
1 0.76953125 0.7765625 0.12578125 0.446875
1 0.9171875 0.88828125 0.165625 0.2078125
1 0.29140625 0.859375 0.578125 0.278125
1 0.525 0.6734375 0.11328125 0.09375
1 0.56015625 0.5609375 0.04140625 0.13046875
1 0.5625 0.45546875 0.0375 0.07421875
1 0.3078125 0.678125 0.31875 0.08828125
1 0.3921875 0.56640625 0.1375 0.12265625
1 0.4875 0.47734375 0.11171875 0.02734375
1 0.51484375 0.4515625 0.06171875 0.03125
1 0.2890625 0.59765625 0.07421875 0.05625
1 0.115625 0.69296875 0.0578125 0.05078125
1 0.2359375 0.6109375 0.03046875 0.02890625