0 0.50546875 0.56796875 0.1078125 0.2
1 0.5578125 0.39375 0.06171875 0.15859375
1 0.2234375 0.78984375 0.446875 0.4203125
1 0.72109375 0.83359375 0.5484375 0.3328125
1 0.2484375 0.5390625 0.40078125 0.065625
1 0.33046875 0.4703125 0.2375 0.05625
1 0.50078125 0.4078125 0.05234375 0.1078125
1 0.4109375 0.421875 0.13671875 0.0359375
1 0.4546875 0.3875 0.0390625 0.0265625
1 0.4640625 0.4515625 0.0234375 0.021875
1 0.70859375 0.57109375 0.29140625 0.20078125
1 0.721875 0.4109375 0.26015625 0.11015625
1 0.665625 0.340625 0.0859375 0.02890625