0 0.4953125 0.53828125 0.1046875 0.171875
1 0.2203125 0.78984375 0.440625 0.390625
1 0.5984375 0.80546875 0.30625 0.3578125
1 0.81015625 0.84921875 0.1203125 0.2890625
1 0.9359375 0.89453125 0.1265625 0.18671875
1 0.58359375 0.54375 0.0640625 0.1734375
1 0.646875 0.56953125 0.06171875 0.12890625
1 0.71015625 0.6 0.05546875 0.05703125
1 0.3109375 0.55625 0.2640625 0.08828125
1 0.3953125 0.484375 0.09375 0.0734375
1 0.3234375 0.49296875 0.0578125 0.04921875
1 0.48984375 0.43359375 0.1390625 0.0359375
1 0.1515625 0.56328125 0.059375 0.05703125