0 0.4984375 0.54375 0.1015625 0.16875
1 0.49609375 0.40703125 0.059375 0.08828125
1 0.61953125 0.81640625 0.7609375 0.3453125
1 0.19140625 0.85859375 0.1 0.2390625
1 0.2265625 0.70625 0.0375 0.07578125
1 0.36484375 0.60234375 0.1609375 0.07109375
1 0.3875 0.53515625 0.11796875 0.05078125
1 0.41015625 0.48984375 0.07109375 0.03125
1 0.43515625 0.44296875 0.0578125 0.01875
1 0.4546875 0.4140625 0.0140625 0.0375
1 0.6703125 0.553125 0.24453125 0.18359375
1 0.896875 0.60234375 0.20625 0.0984375
1 0.6078125 0.43984375 0.1546875 0.05859375
1 0.54765625 0.39453125 0.0375 0.02734375
1 0.42421875 0.46328125 0.0484375 0.0265625
1 0.1015625 0.90546875 0.084375 0.13984375