0 0.50078125 0.55625 0.1078125 0.1890625
1 0.3265625 0.4078125 0.0515625 0.040625
1 0.396875 0.74375 0.0921875 0.50703125
1 0.72109375 0.82734375 0.5578125 0.3453125
1 0.609375 0.56484375 0.10625 0.17734375
1 0.73203125 0.60546875 0.14296875 0.09609375
1 0.903125 0.6171875 0.19296875 0.09609375
1 0.7328125 0.53125 0.14296875 0.05546875
1 0.84140625 0.546875 0.07578125 0.04375
1 0.3203125 0.809375 0.06328125 0.3703125
1 0.17421875 0.91875 0.2265625 0.13828125
1 0.24921875 0.78671875 0.08359375 0.12109375
1 0.27421875 0.6984375 0.028125 0.05
1 0.1859375 0.8140625 0.04140625 0.059375
1 0.39140625 0.45234375 0.0984375 0.06015625
1 0.496875 0.43671875 0.10703125 0.04609375
1 0.39140625 0.4140625 0.07578125 0.02890625
1 0.584375 0.45546875 0.0640625 0.04296875