0 0.49921875 0.5515625 0.12265625 0.221875
1 0.51796875 0.35625 0.05 0.03359375
1 0.5 0.83359375 1 0.3328125
1 0.21953125 0.575 0.4390625 0.1859375
1 0.34453125 0.446875 0.18828125 0.07578125
1 0.4671875 0.39609375 0.06953125 0.08984375
1 0.55234375 0.4078125 0.09765625 0.06796875
1 0.65703125 0.5546875 0.18125 0.21015625
1 0.86328125 0.63046875 0.2296875 0.0875
1 0.80078125 0.53828125 0.10234375 0.07109375
1 0.63203125 0.42734375 0.059375 0.0421875
1 0.20546875 0.45703125 0.1 0.05078125
1 0.4078125 0.39453125 0.059375 0.021875