0 0.4984375 0.53984375 0.0984375 0.16953125
1 0.5015625 0.88125 0.996875 0.17890625
1 0.55859375 0.74296875 0.8828125 0.0953125
1 0.59375 0.65703125 0.81171875 0.06015625
1 0.68671875 0.54296875 0.26953125 0.1703125
1 0.91015625 0.5765625 0.1796875 0.09375
1 0.39296875 0.55703125 0.1140625 0.12890625
1 0.3015625 0.57421875 0.0640625 0.1015625
1 0.4171875 0.4578125 0.05859375 0.05546875
1 0.49921875 0.41171875 0.1078125 0.065625
1 0.60546875 0.43984375 0.1078125 0.03984375
1 0.571875 0.32890625 0.0640625 0.0375
1 0.67734375 0.340625 0.0796875 0.04140625
1 0.76015625 0.35390625 0.03828125 0.02578125
1 0.79921875 0.3296875 0.0390625 0.0328125
1 0.81953125 0.36171875 0.02734375 0.02734375