0 0.496875 0.69296875 0.1515625 0.375
1 0.49375 0.45390625 0.06875 0.08125
1 0.21171875 0.88046875 0.4234375 0.2390625
1 0.7125 0.9390625 0.575 0.121875
1 0.7875 0.82578125 0.421875 0.1203125
1 0.6671875 0.66640625 0.18203125 0.2
1 0.828125 0.71328125 0.13046875 0.10625
1 0.21015625 0.64765625 0.41953125 0.215625
1 0.25390625 0.51875 0.33671875 0.03828125
1 0.35078125 0.4765625 0.2171875 0.0140625
1 0.39140625 0.45078125 0.128125 0.025
1 0.5453125 0.46875 0.0328125 0.0578125
1 0.59296875 0.52578125 0.05078125 0.0796875
1 0.6609375 0.53984375 0.0828125 0.046875