0 0.50078125 0.6890625 0.16171875 0.2890625
1 0.4359375 0.40390625 0.103125 0.02421875
1 0.79296875 0.771875 0.4140625 0.45625
1 0.2109375 0.80625 0.421875 0.3875
1 0.5078125 0.915625 0.1640625 0.1609375
1 0.4953125 0.4796875 0.13671875 0.1234375
1 0.6609375 0.50546875 0.18515625 0.07578125
1 0.80234375 0.5171875 0.08125 0.05
1 0.41328125 0.51484375 0.00859375 0.1859375
1 0.3515625 0.54921875 0.11015625 0.11015625
1 0.23515625 0.57890625 0.13046875 0.06015625
1 0.275 0.5234375 0.04296875 0.04921875
1 0.3890625 0.47265625 0.03046875 0.0359375
1 0.1421875 0.590625 0.0625 0.03515625