0 0.5 0.6859375 0.14765625 0.3
1 0.509375 0.48359375 0.10859375 0.103125
1 0.21171875 0.87890625 0.4234375 0.2421875
1 0.7125 0.9109375 0.575 0.165625
1 0.6796875 0.71015625 0.2 0.25703125
1 0.8265625 0.7515625 0.08359375 0.16875
1 0.6125 0.5265625 0.0859375 0.10390625
1 0.21171875 0.64921875 0.42265625 0.21875
1 0.36484375 0.5 0.17265625 0.06796875
1 0.22734375 0.5109375 0.10234375 0.0515625
1 0.41484375 0.45390625 0.078125 0.028125
1 0.44296875 0.434375 0.03203125 0.02109375
1 0.4953125 0.42890625 0.05859375 0.03515625