0 0.496875 0.54453125 0.0890625 0.1484375
1 0.83359375 0.47265625 0.33046875 0.17421875
1 0.91171875 0.375 0.1765625 0.0296875
1 0.9765625 0.3546875 0.04609375 0.01640625
1 0.834375 0.7703125 0.33046875 0.41640625
1 0.6046875 0.778125 0.125 0.41328125
1 0.60703125 0.5140625 0.12421875 0.11484375
1 0.59609375 0.43359375 0.059375 0.04609375
1 0.54921875 0.44453125 0.02890625 0.0265625
1 0.45703125 0.8078125 0.1703125 0.34453125
1 0.3296875 0.87734375 0.084375 0.2125
1 0.2546875 0.9390625 0.0703125 0.11484375
1 0.35625 0.7265625 0.03671875 0.0984375
1 0.43828125 0.5875 0.0203125 0.0828125
1 0.41171875 0.61015625 0.02734375 0.05859375