0 0.4953125 0.55234375 0.09296875 0.16640625
1 0.58125 0.2109375 0.03515625 0.20546875
1 0.50078125 0.8203125 0.99765625 0.31796875
1 0.77578125 0.5734375 0.44765625 0.1546875
1 0.22578125 0.56796875 0.44765625 0.18046875
1 0.51328125 0.37421875 0.31875 0.12890625
1 0.68984375 0.46640625 0.271875 0.05078125
1 0.54609375 0.21484375 0.0359375 0.1828125
1 0.48984375 0.26953125 0.08125 0.065625
1 0.51640625 0.21171875 0.03046875 0.05625
1 0.36484375 0.4140625 0.17890625 0.121875
1 0.2296875 0.428125 0.1 0.08046875
1 0.15546875 0.44296875 0.05546875 0.0640625
1 0.43125 0.2859375 0.03359375 0.0390625
1 0.4875 0.21796875 0.01875 0.05078125
1 0.6171875 0.2390625 0.028125 0.134375