4 0.49921875 0.5875 0.15546875 0.284375
1 0.4859375 0.37109375 0.02890625 0.04375
3 0.59765625 0.36171875 0.046875 0.0484375
6 0.56171875 0.41796875 0.2375 0.05546875
6 0.78984375 0.7265625 0.41953125 0.53984375
6 0.37265625 0.8609375 0.4046875 0.2390625
6 0.39453125 0.615625 0.05546875 0.2296875
6 0.33828125 0.65 0.05625 0.17578125
6 0.28984375 0.69375 0.04609375 0.08828125
6 0.240625 0.7203125 0.03515625 0.05390625
6 0.43984375 0.359375 0.06015625 0.034375
6 0.5390625 0.37421875 0.06875 0.078125
6 0.7234375 0.421875 0.07734375 0.04453125