0 0.62734375 0.4515625 0.0578125 0.090625
0 0.5171875 0.46640625 0.0734375 0.1
1 0.3171875 0.3421875 0.01484375 0.03515625
1 0.3890625 0.4015625 0.03515625 0.04140625
0 0.3578125 0.4859375 0.08359375 0.15
6 0.51796875 0.82265625 0.6015625 0.34453125
6 0.68203125 0.60078125 0.2890625 0.12421875
6 0.353125 0.61484375 0.2375 0.06484375
6 0.4359375 0.49765625 0.0734375 0.140625
6 0.3296875 0.39375 0.078125 0.04375
6 0.284375 0.353125 0.03984375 0.02890625
6 0.33828125 0.35234375 0.02421875 0.0265625
6 0.43671875 0.403125 0.046875 0.0578125