4 0.4921875 0.67890625 0.11015625 0.1828125
1 0.92890625 0.55859375 0.1125 0.1671875
1 0.8328125 0.259375 0.034375 0.065625
2 0.7453125 0.23203125 0.0203125 0.03203125
6 0.93125 0.0921875 0.11484375 0.05625
6 0.87109375 0.16875 0.10859375 0.07109375
6 0.875 0.27265625 0.034375 0.09765625
6 0.79140625 0.40859375 0.23828125 0.09609375
6 0.76640625 0.3140625 0.10234375 0.084375
6 0.840625 0.32890625 0.0453125 0.0546875
6 0.7890625 0.2296875 0.0453125 0.075
6 0.74296875 0.59609375 0.2578125 0.21640625
6 0.78203125 0.853125 0.43515625 0.29296875
6 0.93984375 0.690625 0.1203125 0.084375
6 0.76640625 0.459375 0.24921875 0.1671875