3 0.4171875 0.48828125 0.0578125 0.1203125
4 0.49609375 0.64609375 0.10546875 0.2171875
6 0.4921875 0.4875 0.08671875 0.090625
6 0.5578125 0.8828125 0.88359375 0.23203125
6 0.36640625 0.65078125 0.15 0.2015625
6 0.24921875 0.6984375 0.1078125 0.16640625
6 0.6453125 0.65703125 0.184375 0.20859375
6 0.8046875 0.6953125 0.1234375 0.14375
6 0.91484375 0.721875 0.09140625 0.1046875
6 0.56171875 0.50625 0.04453125 0.0796875
6 0.609375 0.52734375 0.03984375 0.05703125
6 0.06171875 0.940625 0.11171875 0.1140625