2 0.62421875 0.496875 0.028125 0.06796875
2 0.5515625 0.478125 0.01875 0.0578125
2 0.4828125 0.4734375 0.025 0.0375
6 0.24609375 0.8578125 0.434375 0.28359375
6 0.734375 0.8796875 0.52734375 0.23515625
6 0.62421875 0.63125 0.18515625 0.21484375
6 0.75859375 0.665625 0.065625 0.18203125
6 0.8296875 0.675 0.05703125 0.1203125
6 0.32578125 0.66875 0.2640625 0.0765625
6 0.39296875 0.5921875 0.16015625 0.05625
6 0.48125 0.52421875 0.11015625 0.04375
6 0.51953125 0.47265625 0.0359375 0.04140625
6 0.58671875 0.47421875 0.03046875 0.07734375
6 0.63359375 0.44140625 0.03671875 0.0265625
6 0.71640625 0.43671875 0.06171875 0.034375
6 0.7875 0.4515625 0.0484375 0.02109375