4 0.2734375 0.503125 0.221875 0.2921875
0 0.2453125 0.22265625 0.0390625 0.0703125
3 0.140625 0.2328125 0.05859375 0.10859375
1 0.03203125 0.29453125 0.0546875 0.09375
6 0.38125 0.83671875 0.75546875 0.309375
6 0.078125 0.51875 0.1515625 0.3234375
6 0.45859375 0.5203125 0.1328125 0.3125
6 0.60390625 0.5953125 0.12265625 0.17265625
6 0.2421875 0.321875 0.35078125 0.05859375
6 0.084375 0.25546875 0.0375 0.040625
6 0.2 0.25078125 0.04140625 0.06875
6 0.0375 0.17578125 0.01953125 0.0140625
6 0.0921875 0.2046875 0.0359375 0.04296875