4 0.49609375 0.72578125 0.20546875 0.4234375
6 0.68515625 0.43515625 0.0578125 0.0390625
6 0.65703125 0.45859375 0.096875 0.04375
6 0.61015625 0.49375 0.14609375 0.07578125
6 0.6515625 0.7734375 0.10625 0.453125
6 0.7515625 0.7890625 0.07890625 0.4109375
6 0.89765625 0.8421875 0.2046875 0.315625
6 0.27578125 0.80859375 0.240625 0.35859375
6 0.08046875 0.86640625 0.14453125 0.25625
6 0.33046875 0.59140625 0.13046875 0.0921875
6 0.50078125 0.49375 0.0828125 0.04375
6 0.12109375 0.7078125 0.0828125 0.0421875