2 0.36796875 0.5359375 0.02109375 0.07265625
2 0.51875 0.528125 0.03359375 0.0671875
1 0.44296875 0.496875 0.03828125 0.05625
4 0.4921875 0.63828125 0.0734375 0.121875
3 0.296875 0.6453125 0.15703125 0.17890625
3 0.58671875 0.6078125 0.10234375 0.17890625
6 0.49453125 0.8625 0.61171875 0.25390625
6 0.44296875 0.4375 0.0359375 0.01640625
6 0.41484375 0.64296875 0.06328125 0.15859375
6 0.67578125 0.63359375 0.05859375 0.078125
6 0.72578125 0.690625 0.159375 0.03203125
6 0.3984375 0.49453125 0.028125 0.1125
6 0.48203125 0.50390625 0.0296875 0.08984375
6 0.1640625 0.68203125 0.0671875 0.13125