2 0.65390625 0.4328125 0.01640625 0.02265625
4 0.49765625 0.55625 0.125 0.140625
6 0.8015625 0.45078125 0.16640625 0.0671875
6 0.67109375 0.47734375 0.0921875 0.0578125
6 0.703125 0.43984375 0.03359375 0.015625
6 0.7828125 0.6875 0.43125 0.32109375
6 0.840625 0.50078125 0.25 0.0515625
6 0.59375 0.49296875 0.0609375 0.06484375
6 0.3875 0.75078125 0.36484375 0.17578125
6 0.3859375 0.6203125 0.09453125 0.08046875
6 0.409375 0.54921875 0.04765625 0.0578125
6 0.2984375 0.6359375 0.0859375 0.0421875
6 0.14609375 0.76875 0.1203125 0.11328125
6 0.18515625 0.69140625 0.03984375 0.0453125