3 0.3796875 0.39296875 0.03671875 0.03671875
4 0.50546875 0.5703125 0.1125 0.14375
6 0.33984375 0.4 0.0328125 0.05859375
6 0.31328125 0.3875 0.01875 0.01875
6 0.43203125 0.45078125 0.14609375 0.07109375
6 0.5453125 0.46640625 0.0765625 0.0609375
6 0.57421875 0.74375 0.8515625 0.153125
6 0.6515625 0.5859375 0.17265625 0.16796875
6 0.8 0.60390625 0.1203125 0.12578125
6 0.92890625 0.62734375 0.1359375 0.07734375
6 0.35078125 0.47109375 0.0203125 0.0453125
6 0.3765625 0.58203125 0.14140625 0.16875
6 0.2640625 0.625 0.08828125 0.08125
6 0.284375 0.5546875 0.04375 0.05234375
6 0.32890625 0.47890625 0.01640625 0.0234375