1 0.93828125 0.5015625 0.12265625 0.1265625
4 0.4953125 0.571875 0.10390625 0.15546875
3 0.26796875 0.45703125 0.0921875 0.12421875
6 0.21875 0.6875 0.4375 0.25234375
6 0.7234375 0.7375 0.553125 0.178125
6 0.71171875 0.5640625 0.32421875 0.16484375
6 0.93828125 0.60703125 0.12265625 0.06171875
6 0.63828125 0.40234375 0.09140625 0.03515625
6 0.65625 0.45234375 0.3265625 0.053125
6 0.734375 0.40859375 0.08828125 0.03203125
6 0.45703125 0.4640625 0.08515625 0.04296875
6 0.15625 0.53125 0.128125 0.04609375
6 0.3796875 0.50703125 0.12265625 0.10078125
6 0.27109375 0.53515625 0.0953125 0.0421875
6 0.42890625 0.36875 0.0375 0.021875