1 0.6828125 0.81640625 0.20625 0.3671875
4 0.50234375 0.66875 0.0765625 0.18515625
1 0.53203125 0.48828125 0.02265625 0.05234375
0 0.58046875 0.421875 0.02421875 0.04296875
0 0.51328125 0.44921875 0.01484375 0.03359375
6 0.3875 0.88125 0.3859375 0.209375
6 0.40078125 0.70078125 0.125 0.13984375
6 0.29609375 0.7421875 0.084375 0.04453125
6 0.55234375 0.5484375 0.2296875 0.03359375
6 0.42265625 0.6 0.07734375 0.05078125
6 0.58671875 0.48359375 0.06484375 0.05390625
6 0.49296875 0.50625 0.05078125 0.03515625
6 0.54921875 0.43046875 0.02109375 0.028125