4 0.50234375 0.65859375 0.09140625 0.196875
0 0.53515625 0.47890625 0.028125 0.06484375
0 0.4609375 0.475 0.03046875 0.05078125
5 0.46875 0.41328125 0.0109375 0.01875
6 0.70859375 0.70859375 0.31171875 0.24921875
6 0.26640625 0.7359375 0.3796875 0.24921875
6 0.3171875 0.59453125 0.26875 0.04140625
6 0.5 0.921875 0.98828125 0.1359375
6 0.50546875 0.80390625 0.0984375 0.1
6 0.93125 0.7515625 0.13125 0.1828125
6 0.49453125 0.5453125 0.22421875 0.0671875
6 0.50078125 0.48671875 0.040625 0.05234375
6 0.5140625 0.4375 0.0234375 0.03515625