4 0.4984375 0.659375 0.10390625 0.171875
1 0.409375 0.4828125 0.04140625 0.053125
1 0.38359375 0.45546875 0.03125 0.025
6 0.4984375 0.88203125 0.996875 0.234375
6 0.77578125 0.621875 0.44765625 0.284375
6 0.36171875 0.6578125 0.17109375 0.19609375
6 0.18359375 0.69765625 0.184375 0.11484375
6 0.42578125 0.53828125 0.2578125 0.046875
6 0.49609375 0.4875 0.125 0.05703125
6 0.34140625 0.484375 0.08671875 0.05078125
6 0.31328125 0.43515625 0.09765625 0.03359375
6 0.33359375 0.41484375 0.02890625 0.01875