0 0.55703125 0.47265625 0.0375 0.0734375
2 0.61640625 0.5015625 0.0234375 0.06640625
2 0.69375 0.521875 0.03203125 0.0625
4 0.49765625 0.66640625 0.0796875 0.2328125
6 0.29375 0.52421875 0.47421875 0.040625
6 0.25859375 0.6171875 0.38671875 0.12421875
6 0.23203125 0.84765625 0.4453125 0.2359375
6 0.5828125 0.88828125 0.2375 0.16484375
6 0.60390625 0.66171875 0.11796875 0.2453125
6 0.78125 0.54296875 0.084375 0.03984375
6 0.690625 0.68828125 0.04140625 0.2109375
6 0.65390625 0.5125 0.03359375 0.0453125