4 0.4921875 0.64765625 0.0953125 0.17734375
2 0.18203125 0.515625 0.0484375 0.08515625
6 0.8046875 0.38671875 0.06875 0.01015625
6 0.496875 0.85390625 0.99140625 0.2921875
6 0.221875 0.6390625 0.43671875 0.159375
6 0.4890625 0.5421875 0.55078125 0.065625
6 0.6875 0.6421875 0.2796875 0.1296875
6 0.76171875 0.40703125 0.04140625 0.0140625
6 0.5625 0.4953125 0.3765625 0.03359375
6 0.62734375 0.46953125 0.23828125 0.03515625
6 0.68125 0.4421875 0.13359375 0.0171875
6 0.73046875 0.42578125 0.04375 0.01015625