4 0.496875 0.56875 0.09921875 0.153125
1 0.33984375 0.48984375 0.0546875 0.07421875
1 0.42109375 0.4328125 0.01640625 0.02578125
1 0.53359375 0.40078125 0.0140625 0.01953125
3 0.715625 0.46484375 0.0171875 0.0203125
6 0.72734375 0.43046875 0.0359375 0.02578125
6 0.746875 0.46484375 0.03046875 0.0328125
6 0.61953125 0.42109375 0.04765625 0.0359375
6 0.678125 0.44296875 0.05234375 0.03828125
6 0.5703125 0.4 0.04765625 0.04609375
6 0.22109375 0.703125 0.4421875 0.25625
6 0.53203125 0.73359375 0.1703125 0.17109375
6 0.15625 0.51796875 0.3125 0.115625
6 0.40859375 0.50703125 0.0765625 0.12578125
6 0.34375 0.5453125 0.05859375 0.0453125
6 0.478125 0.38671875 0.08359375 0.03671875
6 0.45859375 0.4484375 0.03671875 0.07421875
6 0.315625 0.43671875 0.184375 0.01328125
6 0.43828125 0.3953125 0.0359375 0.00859375