4 0.4984375 0.6890625 0.1328125 0.28125
0 0.4578125 0.371875 0.01328125 0.02578125
0 0.4890625 0.3859375 0.0171875 0.028125
0 0.52734375 0.40078125 0.01953125 0.0359375
6 0.40859375 0.4765625 0.37734375 0.1015625
6 0.215625 0.8859375 0.43125 0.225
6 0.7171875 0.91328125 0.56171875 0.1609375
6 0.628125 0.68984375 0.11953125 0.2984375
6 0.7640625 0.7453125 0.14609375 0.1671875
6 0.8828125 0.78203125 0.08046875 0.09140625
6 0.72578125 0.62109375 0.0703125 0.08046875
6 0.6203125 0.50546875 0.0515625 0.0578125
6 0.10859375 0.62734375 0.2171875 0.25859375
6 0.325 0.65625 0.21015625 0.25859375
6 0.17265625 0.4703125 0.10078125 0.0578125
6 0.40703125 0.4125 0.1171875 0.0484375
6 0.490625 0.41484375 0.0484375 0.02109375
6 0.3375 0.4140625 0.02734375 0.03046875