4 0.4953125 0.59765625 0.134375 0.246875
1 0.71484375 0.4609375 0.04765625 0.06171875
6 0.5890625 0.4421875 0.07734375 0.0203125
6 0.5921875 0.42109375 0.0359375 0.015625
6 0.6265625 0.50859375 0.11953125 0.10703125
6 0.65859375 0.43125 0.059375 0.04296875
6 0.82265625 0.596875 0.35390625 0.07109375
6 0.8453125 0.528125 0.309375 0.059375
6 0.86875 0.46484375 0.253125 0.07734375
6 0.878125 0.40234375 0.23515625 0.04765625
6 0.73046875 0.40625 0.075 0.02578125
6 0.6671875 0.4046875 0.05703125 0.0140625
6 0.859375 0.71015625 0.28046875 0.1359375
6 0.69765625 0.6765625 0.059375 0.08984375
6 0.64296875 0.59453125 0.04765625 0.07421875
6 0.6390625 0.38203125 0.01484375 0.0109375