1 0.32890625 0.47265625 0.05625 0.0953125
4 0.49375 0.5375 0.1078125 0.146875
1 0.64140625 0.45390625 0.01640625 0.0125
6 0.14453125 0.7140625 0.28828125 0.53515625
6 0.36328125 0.75625 0.15390625 0.45234375
6 0.49453125 0.79921875 0.0984375 0.3671875
6 0.375 0.4734375 0.03359375 0.08828125
6 0.41796875 0.496875 0.040625 0.06171875
6 0.66953125 0.44765625 0.0375 0.04609375
6 0.60234375 0.44921875 0.065625 0.0375
6 0.534375 0.425 0.0796875 0.03671875
6 0.47421875 0.4125 0.0578125 0.0359375
6 0.45 0.428125 0.04140625 0.0296875
6 0.59140625 0.88359375 0.084375 0.20546875