4 0.50234375 0.54453125 0.1 0.16640625
1 0.3875 0.35546875 0.015625 0.02265625
6 0.36015625 0.33203125 0.03125 0.021875
6 0.36953125 0.3578125 0.01953125 0.03671875
6 0.35390625 0.3578125 0.0125 0.021875
6 0.4359375 0.41015625 0.11015625 0.05859375
6 0.42890625 0.36640625 0.05234375 0.0359375
6 0.684375 0.81015625 0.63125 0.3578125
6 0.3453125 0.8609375 0.05234375 0.24296875
6 0.303125 0.9140625 0.03515625 0.1421875
6 0.41796875 0.53515625 0.06640625 0.18828125
6 0.665625 0.54375 0.21484375 0.165625
6 0.88828125 0.584375 0.2234375 0.103125
6 0.81484375 0.5046875 0.0625 0.04453125
6 0.52578125 0.421875 0.0640625 0.07265625
6 0.6125 0.44140625 0.1 0.0421875