4 0.50078125 0.559375 0.09375 0.2109375
1 0.7703125 0.58671875 0.19453125 0.140625
3 0.74140625 0.384375 0.08984375 0.125
6 0.45078125 0.39765625 0.109375 0.05234375
6 0.59765625 0.4140625 0.18125 0.084375
6 0.61015625 0.72109375 0.11171875 0.540625
6 0.453125 0.8546875 0.19765625 0.2890625
6 0.834375 0.8453125 0.328125 0.309375
6 0.93515625 0.58515625 0.1296875 0.22265625
6 0.76953125 0.4796875 0.2015625 0.0484375
6 0.4265625 0.6546875 0.0515625 0.11171875
6 0.5109375 0.6875 0.10078125 0.05234375