4 0.5015625 0.5921875 0.153125 0.31484375
1 0.3765625 0.390625 0.04296875 0.0515625
6 0.46484375 0.38046875 0.12890625 0.05390625
6 0.490625 0.3390625 0.04609375 0.0265625
6 0.3140625 0.69921875 0.21328125 0.5671875
6 0.7109375 0.87890625 0.578125 0.2421875
6 0.69375 0.68984375 0.23828125 0.11484375
6 0.621875 0.5609375 0.078125 0.13046875
6 0.6859375 0.5828125 0.0453125 0.08125
6 0.10859375 0.7234375 0.20078125 0.53828125
6 0.32734375 0.39296875 0.04375 0.02890625
6 0.18671875 0.43046875 0.05390625 0.0296875