4 0.49609375 0.53125 0.10078125 0.17109375
1 0.45859375 0.79609375 0.22578125 0.36640625
1 0.7296875 0.396875 0.0328125 0.03203125
0 0.97421875 0.37265625 0.021875 0.03359375
6 0.8765625 0.390625 0.15859375 0.0140625
6 0.7734375 0.39765625 0.04765625 0.01953125
6 0.6609375 0.4109375 0.103125 0.01875
6 0.1734375 0.775 0.340625 0.41640625
6 0.61171875 0.79921875 0.07578125 0.3671875
6 0.71640625 0.87421875 0.12734375 0.21015625
6 0.828125 0.9484375 0.09140625 0.08828125
6 0.33125 0.53671875 0.221875 0.13203125
6 0.1734375 0.5265625 0.09140625 0.065625
6 0.1046875 0.54609375 0.04765625 0.04453125
6 0.40546875 0.45546875 0.07578125 0.025
6 0.5265625 0.4375 0.15546875 0.0296875
6 0.5609375 0.53671875 0.0234375 0.159375
6 0.6265625 0.42734375 0.04609375 0.02265625
6 0.59375 0.465625 0.0375 0.021875
6 0.59296875 0.57109375 0.046875 0.08125