1 0.390625 0.46484375 0.0953125 0.09375
4 0.5046875 0.590625 0.12265625 0.2171875
1 0.64296875 0.6328125 0.1453125 0.17109375
6 0.44921875 0.396875 0.06953125 0.0359375
6 0.525 0.4328125 0.07734375 0.09375
6 0.3953125 0.40703125 0.0359375 0.01953125
6 0.50078125 0.8453125 0.99765625 0.309375
6 0.778125 0.5625 0.428125 0.25703125
6 0.215625 0.58359375 0.43125 0.19609375
6 0.334375 0.46328125 0.20078125 0.07265625
6 0.21015625 0.46484375 0.04453125 0.034375
6 0.63515625 0.42109375 0.13515625 0.0390625