4 0.496875 0.5578125 0.08125 0.16953125
1 0.46953125 0.36796875 0.01640625 0.01953125
6 0.41328125 0.3515625 0.0390625 0.02265625
6 0.4484375 0.37421875 0.025 0.04140625
6 0.496875 0.425 0.06171875 0.07890625
6 0.69609375 0.73359375 0.3171875 0.5328125
6 0.93046875 0.63515625 0.1390625 0.26015625
6 0.271875 0.8484375 0.528125 0.303125
6 0.3 0.6671875 0.471875 0.04921875
6 0.321875 0.60625 0.265625 0.07421875
6 0.37421875 0.5328125 0.16796875 0.05625
6 0.40234375 0.48984375 0.1109375 0.03359375
6 0.43359375 0.4484375 0.06640625 0.0421875
6 0.4453125 0.41171875 0.040625 0.0296875
6 0.57890625 0.428125 0.096875 0.06640625
6 0.68203125 0.44765625 0.10859375 0.05546875
6 0.51171875 0.37265625 0.0484375 0.02890625