4 0.5015625 0.5609375 0.0765625 0.16640625
3 0.63984375 0.62578125 0.115625 0.1953125
2 0.59296875 0.43828125 0.028125 0.04609375
2 0.69765625 0.4359375 0.0234375 0.059375
1 0.48125 0.390625 0.01640625 0.01953125
6 0.50390625 0.84765625 0.9921875 0.3046875
6 0.78515625 0.5890625 0.1703125 0.19609375
6 0.9375 0.6265625 0.125 0.125
6 0.3359375 0.65703125 0.48359375 0.07890625
6 0.346875 0.58671875 0.2453125 0.06640625
6 0.3859375 0.53125 0.16015625 0.05546875
6 0.42734375 0.475 0.07265625 0.06328125
6 0.51953125 0.4484375 0.10859375 0.0390625
6 0.559375 0.5421875 0.0328125 0.1296875
6 0.64140625 0.49453125 0.1140625 0.046875
6 0.6453125 0.43828125 0.0765625 0.05078125
6 0.33203125 0.3640625 0.0234375 0.021875
6 0.38359375 0.37734375 0.059375 0.025
6 0.34765625 0.3640625 0.01328125 0.0125
6 0.44765625 0.38828125 0.059375 0.03671875
6 0.5171875 0.421875 0.1203125 0.03125
6 0.52265625 0.3984375 0.08984375 0.04375