4 0.5 0.5609375 0.103125 0.14921875
6 0.6015625 0.56796875 0.06796875 0.82421875
6 0.81484375 0.740625 0.35625 0.48125
6 0.66875 0.41171875 0.06796875 0.190625
6 0.7953125 0.4390625 0.18046875 0.11171875
6 0.546875 0.3125 0.0390625 0.24765625
6 0.22890625 0.78515625 0.4578125 0.38671875
6 0.515625 0.82109375 0.11171875 0.3234375
6 0.49609375 0.35703125 0.06328125 0.14921875
6 0.25625 0.5703125 0.37578125 0.025
6 0.43125 0.39765625 0.06015625 0.17578125
6 0.2796875 0.5203125 0.33203125 0.07109375
6 0.35078125 0.4546875 0.09375 0.06875
6 0.38125 0.40546875 0.04609375 0.0390625
6 0.28359375 0.46484375 0.0390625 0.0390625
6 0.65 0.2625 0.0265625 0.09765625
6 0.678125 0.29296875 0.01796875 0.06640625
6 0.51484375 0.26875 0.0234375 0.02734375